supervised315_frame_0.jpg 0.0266666666667 0.0 0.0 0.0
supervised315_frame_1.jpg 0.0266666666667 0.0 0.0 0.0
supervised315_frame_2.jpg 0.0266666666667 0.0 0.0 0.0
supervised315_frame_3.jpg 0.0266666666667 0.00126428222656 0.0 0.0
supervised315_frame_4.jpg 0.0266666666667 0.00326428222656 0.0 0.0
supervised315_frame_5.jpg 0.0255433485243 0.00526428222656 0.0 0.0
supervised315_frame_6.jpg 0.0243869357639 0.006 0.0 0.0
supervised315_frame_7.jpg 0.0231974283854 0.006 0.0 0.0
supervised315_frame_8.jpg 0.0228670247396 0.006 0.0 0.0
supervised315_frame_9.jpg 0.0207522243924 0.006 0.0 0.0
supervised315_frame_10.jpg 0.0130528428819 0.006 0.0 0.0
supervised315_frame_11.jpg 0.00561767578125 0.006 0.0 0.0
supervised315_frame_12.jpg 0.0 0.006 0.0 0.0
supervised315_frame_13.jpg 0.0 0.006 0.0 0.0
supervised315_frame_14.jpg 0.0 0.006 0.0 0.0
supervised315_frame_15.jpg 0.0 0.006 0.0 0.0
supervised315_frame_16.jpg 0.0 0.006 0.0 0.0
supervised315_frame_17.jpg 0.0 0.006 0.0 0.0
supervised315_frame_18.jpg 0.0 0.006 0.0 0.0
supervised315_frame_19.jpg 0.0 0.006 0.0 0.0
supervised315_frame_20.jpg 0.0 0.006 0.0 0.0
supervised315_frame_21.jpg -0.00509250217014 0.006 0.0 0.0
supervised315_frame_22.jpg -0.0129098849826 0.00565637207031 0.0 0.0
supervised315_frame_23.jpg -0.0212158203125 0.00514093017578 0.0 0.0
supervised315_frame_24.jpg -0.0244479709201 0.00461669921875 0.0 0.0
supervised315_frame_25.jpg -0.0249365234375 0.00443609619141 0.0 0.0
supervised315_frame_26.jpg -0.0249365234375 0.00442291259766 0.0 0.0
supervised315_frame_27.jpg -0.0249178059896 0.0044140625 0.0 0.0
supervised315_frame_28.jpg -0.0249178059896 0.00440521240234 0.0 0.0
supervised315_frame_29.jpg -0.0249178059896 0.00440521240234 0.0 0.0
supervised315_frame_30.jpg -0.0249365234375 0.00440521240234 0.0 0.0
supervised315_frame_31.jpg -0.0249365234375 0.00440521240234 0.0 0.0
supervised315_frame_32.jpg -0.0249365234375 0.00440075683594 0.0 0.0
supervised315_frame_33.jpg -0.0249178059896 0.00440075683594 0.0 0.0
supervised315_frame_34.jpg -0.0249178059896 0.00440075683594 0.0 0.0
supervised315_frame_35.jpg -0.0249178059896 0.00440075683594 0.0 0.0
supervised315_frame_36.jpg -0.0249178059896 0.00439636230469 0.0 0.0
supervised315_frame_37.jpg -0.0249365234375 0.00439196777344 0.0 0.0
supervised315_frame_38.jpg -0.0249552408854 0.00438757324219 0.0 0.0
supervised315_frame_39.jpg -0.0249929470486 0.00438757324219 0.0 0.0
supervised315_frame_40.jpg -0.0249742296007 0.00438757324219 0.0 0.0
supervised315_frame_41.jpg -0.0249742296007 0.00438757324219 0.0 0.0
supervised315_frame_42.jpg -0.0249742296007 0.00439196777344 0.0 0.0
supervised315_frame_43.jpg -0.0249929470486 0.00439636230469 0.0 0.0
supervised315_frame_44.jpg -0.0250119357639 0.00439636230469 0.0 0.0
supervised315_frame_45.jpg -0.0250119357639 0.00439196777344 0.0 0.0
supervised315_frame_46.jpg -0.0250309244792 0.00439196777344 0.0 0.0
supervised315_frame_47.jpg -0.0250309244792 0.00439636230469 0.0 0.0
supervised315_frame_48.jpg -0.0250119357639 0.00440075683594 0.0 0.0
supervised315_frame_49.jpg -0.0249929470486 0.00440075683594 0.0 0.0
supervised315_frame_50.jpg -0.0249739583333 0.00440075683594 0.0 0.0
supervised315_frame_51.jpg -0.0250303819444 0.00440521240234 0.0 0.0
supervised315_frame_52.jpg -0.0167057291667 0.00351977539062 0.0 0.0
supervised315_frame_53.jpg -0.0149018012153 0.00205285644531 0.0 0.0
supervised315_frame_54.jpg -0.0154093424479 0.000581481933594 0.0 0.0
supervised315_frame_55.jpg -0.0242979600694 0.0 0.0 0.0
supervised315_frame_56.jpg -0.0266658528646 0.0 0.0 0.0
supervised316_frame_0.jpg 0.0266666666667 0.0 0.0 0.0
supervised316_frame_1.jpg 0.0266666666667 0.0 0.0 0.0
supervised316_frame_2.jpg 0.0266666666667 0.0 0.0 0.0
supervised316_frame_3.jpg 0.0266666666667 0.0 0.0 0.0
supervised316_frame_4.jpg 0.0266666666667 0.0 0.0 0.0
supervised316_frame_5.jpg 0.0266666666667 0.0 0.0 0.0
supervised316_frame_6.jpg 0.0266666666667 0.0 0.0 0.0
supervised316_frame_7.jpg 0.0266666666667 0.0 0.0 0.0
supervised316_frame_8.jpg 0.0266666666667 0.00181494140625 0.0 0.0
supervised316_frame_9.jpg 0.0266666666667 0.00381494140625 0.0 0.0
supervised316_frame_10.jpg 0.0234616427951 0.00581494140625 0.0 0.0
supervised316_frame_11.jpg 0.0193644205729 0.006 0.0 0.0
supervised316_frame_12.jpg 0.0153000217014 0.006 0.0 0.0
supervised316_frame_13.jpg 0.0185050455729 0.006 0.0 0.0
supervised316_frame_14.jpg 0.0226022677951 0.00590307617188 0.0 0.0
supervised316_frame_15.jpg 0.0266666666667 0.00567840576172 0.0 0.0
supervised316_frame_16.jpg 0.0266666666667 0.00544049072266 0.0 0.0
supervised316_frame_17.jpg 0.0266666666667 0.00535675048828 0.0 0.0
supervised316_frame_18.jpg 0.0177777777778 0.00558142089844 0.0 0.0
supervised316_frame_19.jpg 0.00888888888889 0.0058193359375 0.0 0.0
supervised316_frame_20.jpg 0.0 0.006 0.0 0.0
supervised316_frame_21.jpg 0.0 0.006 0.0 0.0
supervised316_frame_22.jpg -0.00652072482639 0.006 0.0 0.0
supervised316_frame_23.jpg -0.0154093424479 0.00465637207031 0.0 0.0
supervised316_frame_24.jpg -0.0242979600694 0.00313214111328 0.0 0.0
supervised316_frame_25.jpg -0.0266658528646 0.00160791015625 0.0 0.0
supervised316_frame_26.jpg -0.0266658528646 0.00142730712891 0.0 0.0
supervised316_frame_27.jpg -0.0266658528646 0.00142730712891 0.0 0.0
supervised316_frame_28.jpg -0.0266658528646 0.00143615722656 0.0 0.0
supervised316_frame_29.jpg -0.0266658528646 0.00225555419922 0.0 0.0
supervised316_frame_30.jpg -0.0177772352431 0.00377978515625 0.0 0.0
supervised316_frame_31.jpg -0.00796332465278 0.00529516601563 0.0 0.0
supervised316_frame_32.jpg 0.00726996527778 0.006 0.0 0.0
supervised316_frame_33.jpg 0.0132180447049 0.006 0.0 0.0
supervised316_frame_34.jpg 0.0122927517361 0.006 0.0 0.0
supervised316_frame_35.jpg 0.00594807942708 0.006 0.0 0.0
supervised316_frame_36.jpg 0.0 0.006 0.0 0.0
supervised316_frame_37.jpg -0.000488552517361 0.006 0.0 0.0
supervised316_frame_38.jpg -0.00533664279514 0.006 0.0 0.0
supervised316_frame_39.jpg -0.0104291449653 0.006 0.0 0.0
supervised316_frame_40.jpg -0.0157847764757 0.006 0.0 0.0
supervised316_frame_41.jpg -0.0174574110243 0.006 0.0 0.0
supervised316_frame_42.jpg -0.0202574327257 0.00563873291016 0.0 0.0
supervised316_frame_43.jpg -0.0224373372396 0.00525988769531 0.0 0.0
supervised316_frame_44.jpg -0.0239594184028 0.00488104248047 0.0 0.0
supervised316_frame_45.jpg -0.0241284179687 0.00485900878906 0.0 0.0
supervised316_frame_46.jpg -0.0241848415799 0.00485455322266 0.0 0.0
supervised316_frame_47.jpg -0.0242225477431 0.00485455322266 0.0 0.0
supervised316_frame_48.jpg -0.0242415364583 0.00485455322266 0.0 0.0
supervised316_frame_49.jpg -0.0242225477431 0.00485900878906 0.0 0.0
supervised316_frame_50.jpg -0.0242035590278 0.00485455322266 0.0 0.0
supervised316_frame_51.jpg -0.0241845703125 0.00485455322266 0.0 0.0
supervised316_frame_52.jpg -0.0241845703125 0.00485009765625 0.0 0.0
supervised316_frame_53.jpg -0.0241845703125 0.00485009765625 0.0 0.0
supervised316_frame_54.jpg -0.0241845703125 0.00485009765625 0.0 0.0
supervised316_frame_55.jpg -0.0241845703125 0.00485009765625 0.0 0.0
supervised316_frame_56.jpg -0.0241845703125 0.00485009765625 0.0 0.0
supervised316_frame_57.jpg -0.0241845703125 0.00485009765625 0.0 0.0
supervised316_frame_58.jpg -0.0241845703125 0.00485009765625 0.0 0.0
supervised316_frame_59.jpg -0.0241845703125 0.00485009765625 0.0 0.0
supervised316_frame_60.jpg -0.0241845703125 0.00485009765625 0.0 0.0
supervised316_frame_61.jpg -0.0243161349826 0.00485009765625 0.0 0.0
supervised316_frame_62.jpg -0.0246733940972 0.00485455322266 0.0 0.0
supervised317_frame_0.jpg 0.0 0.006 0.0 0.0
supervised317_frame_1.jpg 0.0 0.006 0.0 0.0
supervised317_frame_2.jpg 0.0 0.006 0.0 0.0
supervised317_frame_3.jpg 0.0 0.006 0.0 0.0
supervised317_frame_4.jpg 0.0 0.006 0.0 0.0
supervised317_frame_5.jpg -0.00257432725694 0.006 0.0 0.0
supervised317_frame_6.jpg -0.00945203993056 0.006 0.0 0.0
supervised317_frame_7.jpg -0.0165928819444 0.006 0.0 0.0
supervised317_frame_8.jpg -0.0140185546875 0.006 0.0 0.0
supervised317_frame_9.jpg -0.00714084201389 0.006 0.0 0.0
supervised317_frame_10.jpg 0.0 0.006 0.0 0.0
supervised317_frame_11.jpg 0.0 0.006 0.0 0.0
supervised317_frame_12.jpg 0.0 0.006 0.0 0.0
supervised317_frame_13.jpg 0.0 0.006 0.0 0.0
supervised317_frame_14.jpg 0.0 0.006 0.0 0.0
supervised317_frame_15.jpg 0.0 0.006 0.0 0.0
supervised317_frame_16.jpg 0.0 0.006 0.0 0.0
supervised317_frame_17.jpg 0.0 0.006 0.0 0.0
supervised317_frame_18.jpg 0.0 0.006 0.0 0.0
supervised317_frame_19.jpg 0.0 0.006 0.0 0.0
supervised317_frame_20.jpg 0.0 0.006 0.0 0.0
supervised317_frame_21.jpg 0.0 0.006 0.0 0.0
supervised317_frame_22.jpg 0.0 0.006 0.0 0.0
supervised317_frame_23.jpg -0.00351399739583 0.006 0.0 0.0
supervised317_frame_24.jpg -0.0105045572917 0.006 0.0 0.0
supervised317_frame_25.jpg -0.0188481987847 0.00592950439453 0.0 0.0
supervised317_frame_26.jpg -0.0238091362847 0.00580615234375 0.0 0.0
supervised317_frame_27.jpg -0.0255379231771 0.00562994384766 0.0 0.0
supervised317_frame_28.jpg -0.0260639105903 0.00550659179688 0.0 0.0
supervised317_frame_29.jpg -0.026477593316 0.00530395507812 0.0 0.0
supervised317_frame_30.jpg -0.0266468641493 0.00513214111328 0.0 0.0
supervised317_frame_31.jpg -0.0266658528646 0.00495153808594 0.0 0.0
supervised317_frame_32.jpg -0.0266658528646 0.00488104248047 0.0 0.0
supervised317_frame_33.jpg -0.0266658528646 0.00483258056641 0.0 0.0
supervised317_frame_34.jpg -0.0266658528646 0.00481494140625 0.0 0.0
supervised317_frame_35.jpg -0.0266658528646 0.004810546875 0.0 0.0
supervised317_frame_36.jpg -0.0266658528646 0.00476208496094 0.0 0.0
supervised317_frame_37.jpg -0.0266658528646 0.00427752685547 0.0 0.0
supervised317_frame_38.jpg -0.0266658528646 0.00373126220703 0.0 0.0
supervised317_frame_39.jpg -0.0266658528646 0.00322906494141 0.0 0.0
supervised317_frame_40.jpg -0.0266658528646 0.00316296386719 0.0 0.0
supervised317_frame_41.jpg -0.0266658528646 0.00316735839844 0.0 0.0
supervised317_frame_42.jpg -0.0266658528646 0.00317175292969 0.0 0.0
supervised317_frame_43.jpg -0.0266658528646 0.00317175292969 0.0 0.0
supervised317_frame_44.jpg -0.0266658528646 0.00317175292969 0.0 0.0
supervised317_frame_45.jpg -0.0266658528646 0.00317175292969 0.0 0.0
supervised317_frame_46.jpg -0.0266658528646 0.00317175292969 0.0 0.0
supervised317_frame_47.jpg -0.0266658528646 0.00317175292969 0.0 0.0
supervised317_frame_48.jpg -0.0266658528646 0.00317614746094 0.0 0.0
supervised317_frame_49.jpg -0.0266658528646 0.00318054199219 0.0 0.0
supervised317_frame_50.jpg -0.0266658528646 0.00318493652344 0.0 0.0
supervised318_frame_0.jpg 0.0 0.006 0.0 0.0
supervised318_frame_1.jpg 0.0 0.006 0.0 0.0
supervised318_frame_2.jpg 0.0 0.006 0.0 0.0
supervised318_frame_3.jpg 0.00403157552083 0.006 0.0 0.0
supervised318_frame_4.jpg 0.0129204644097 0.006 0.0 0.0
supervised318_frame_5.jpg 0.0218093532986 0.00536120605469 0.0 0.0
supervised318_frame_6.jpg 0.0266666666667 0.00431713867187 0.0 0.0
supervised318_frame_7.jpg 0.0266666666667 0.00431713867187 0.0 0.0
supervised318_frame_8.jpg 0.0177777777778 0.00495593261719 0.0 0.0
supervised318_frame_9.jpg 0.00888888888889 0.006 0.0 0.0
supervised318_frame_10.jpg 0.0 0.006 0.0 0.0
supervised318_frame_11.jpg 0.0 0.006 0.0 0.0
supervised318_frame_12.jpg 0.0 0.006 0.0 0.0
supervised318_frame_13.jpg 0.0 0.006 0.0 0.0
supervised318_frame_14.jpg 0.0 0.006 0.0 0.0
supervised318_frame_15.jpg 0.0 0.006 0.0 0.0
supervised318_frame_16.jpg 0.0 0.006 0.0 0.0
supervised318_frame_17.jpg 0.0 0.006 0.0 0.0
supervised318_frame_18.jpg -0.00225477430556 0.006 0.0 0.0
supervised318_frame_19.jpg -0.0111433919271 0.00498236083984 0.0 0.0
supervised318_frame_20.jpg -0.0200320095486 0.00376208496094 0.0 0.0
supervised318_frame_21.jpg -0.0266658528646 0.00254180908203 0.0 0.0
supervised318_frame_22.jpg -0.0266658528646 0.00233917236328 0.0 0.0
supervised318_frame_23.jpg -0.0266658528646 0.00233917236328 0.0 0.0
supervised318_frame_24.jpg -0.0266658528646 0.00233917236328 0.0 0.0
supervised318_frame_25.jpg -0.0255946180556 0.00355944824219 0.0 0.0
supervised318_frame_26.jpg -0.020595703125 0.00477972412109 0.0 0.0
supervised318_frame_27.jpg -0.0117070855035 0.006 0.0 0.0
supervised318_frame_28.jpg -0.00388970269097 0.006 0.0 0.0
supervised318_frame_29.jpg 0.0 0.006 0.0 0.0
supervised318_frame_30.jpg -0.00311930338542 0.006 0.0 0.0
supervised318_frame_31.jpg -0.00625732421875 0.006 0.0 0.0
supervised318_frame_32.jpg -0.00980875651042 0.006 0.0 0.0
supervised318_frame_33.jpg -0.0102598741319 0.006 0.0 0.0
supervised318_frame_34.jpg -0.0106922743056 0.006 0.0 0.0
supervised318_frame_35.jpg -0.0107112630208 0.006 0.0 0.0
supervised318_frame_36.jpg -0.0107112630208 0.006 0.0 0.0
supervised318_frame_37.jpg -0.0108989800347 0.006 0.0 0.0
supervised318_frame_38.jpg -0.0111431206597 0.006 0.0 0.0
supervised318_frame_39.jpg -0.0114249674479 0.006 0.0 0.0
supervised318_frame_40.jpg -0.0115565321181 0.006 0.0 0.0
supervised318_frame_41.jpg -0.0116129557292 0.006 0.0 0.0
supervised318_frame_42.jpg -0.0116316731771 0.006 0.0 0.0
supervised318_frame_43.jpg -0.0116129557292 0.006 0.0 0.0
supervised318_frame_44.jpg -0.0116129557292 0.006 0.0 0.0
supervised318_frame_45.jpg -0.0116129557292 0.006 0.0 0.0
supervised318_frame_46.jpg -0.0117258029514 0.006 0.0 0.0
supervised318_frame_47.jpg -0.0119137912326 0.006 0.0 0.0
supervised318_frame_48.jpg -0.0121769205729 0.006 0.0 0.0
supervised318_frame_49.jpg -0.012327202691 0.006 0.0 0.0
supervised318_frame_50.jpg -0.01240234375 0.006 0.0 0.0
supervised318_frame_51.jpg -0.01240234375 0.006 0.0 0.0
supervised318_frame_52.jpg -0.0124210611979 0.006 0.0 0.0
supervised318_frame_53.jpg -0.0124397786458 0.006 0.0 0.0
supervised318_frame_54.jpg -0.0124584960938 0.006 0.0 0.0
supervised318_frame_55.jpg -0.0126087782118 0.006 0.0 0.0
supervised318_frame_56.jpg -0.0129096137153 0.006 0.0 0.0
supervised318_frame_57.jpg -0.0133230251736 0.006 0.0 0.0
supervised318_frame_58.jpg -0.0136802842882 0.006 0.0 0.0
supervised318_frame_59.jpg -0.0139244249132 0.006 0.0 0.0
supervised318_frame_60.jpg -0.0149018012153 0.006 0.0 0.0
supervised318_frame_61.jpg -0.0178708224826 0.00587664794922 0.0 0.0
supervised319_frame_0.jpg 0.0266666666667 0.0 0.0 0.0
supervised319_frame_1.jpg 0.0266666666667 0.0 0.0 0.0
supervised319_frame_2.jpg 0.0266666666667 0.0 0.0 0.0
supervised319_frame_3.jpg 0.0266666666667 0.00156384277344 0.0 0.0
supervised319_frame_4.jpg 0.0266666666667 0.00356384277344 0.0 0.0
supervised319_frame_5.jpg 0.0259727647569 0.00556384277344 0.0 0.0
supervised319_frame_6.jpg 0.0248494466146 0.006 0.0 0.0
supervised319_frame_7.jpg 0.0237592230903 0.006 0.0 0.0
supervised319_frame_8.jpg 0.0233957248264 0.006 0.0 0.0
supervised319_frame_9.jpg 0.0234616427951 0.006 0.0 0.0
supervised319_frame_10.jpg 0.0234944661458 0.006 0.0 0.0
supervised319_frame_11.jpg 0.0234944661458 0.006 0.0 0.0
supervised319_frame_12.jpg 0.0234944661458 0.006 0.0 0.0
supervised319_frame_13.jpg 0.0234944661458 0.006 0.0 0.0
supervised319_frame_14.jpg 0.0235275607639 0.006 0.0 0.0
supervised319_frame_15.jpg 0.0235606553819 0.006 0.0 0.0
supervised319_frame_16.jpg 0.0236599392361 0.006 0.0 0.0
supervised319_frame_17.jpg 0.023825141059 0.006 0.0 0.0
supervised319_frame_18.jpg 0.0183729383681 0.006 0.0 0.0
supervised319_frame_19.jpg 0.0104421657986 0.006 0.0 0.0
supervised319_frame_20.jpg 0.00241238064236 0.006 0.0 0.0
supervised319_frame_21.jpg 0.0 0.006 0.0 0.0
supervised319_frame_22.jpg 0.0 0.006 0.0 0.0
supervised319_frame_23.jpg 0.0 0.006 0.0 0.0
supervised319_frame_24.jpg -0.000751410590278 0.006 0.0 0.0
supervised319_frame_25.jpg -0.00281846788194 0.006 0.0 0.0
supervised319_frame_26.jpg -0.00608805338542 0.006 0.0 0.0
supervised319_frame_27.jpg -0.00971516927083 0.006 0.0 0.0
supervised319_frame_28.jpg -0.0142062717014 0.006 0.0 0.0
supervised319_frame_29.jpg -0.0184532335069 0.00592510986328 0.0 0.0
supervised319_frame_30.jpg -0.0219108072917 0.00571801757813 0.0 0.0
supervised319_frame_31.jpg -0.0231700303819 0.00551092529297 0.0 0.0
supervised319_frame_32.jpg -0.0234708658854 0.00538311767578 0.0 0.0
supervised319_frame_33.jpg -0.0234521484375 0.00538751220703 0.0 0.0
supervised319_frame_34.jpg -0.0234521484375 0.00539190673828 0.0 0.0
supervised319_frame_35.jpg -0.0234521484375 0.00539190673828 0.0 0.0
supervised319_frame_36.jpg -0.0234521484375 0.00539190673828 0.0 0.0
supervised319_frame_37.jpg -0.0234708658854 0.00539190673828 0.0 0.0
supervised319_frame_38.jpg -0.0234708658854 0.00539190673828 0.0 0.0
supervised319_frame_39.jpg -0.0234895833333 0.00539636230469 0.0 0.0
supervised319_frame_40.jpg -0.0234895833333 0.00540081787109 0.0 0.0
supervised319_frame_41.jpg -0.0235083007813 0.0054052734375 0.0 0.0
supervised319_frame_42.jpg -0.0234895833333 0.0054052734375 0.0 0.0
supervised319_frame_43.jpg -0.0234895833333 0.0054052734375 0.0 0.0
supervised319_frame_44.jpg -0.0234895833333 0.0054052734375 0.0 0.0
supervised319_frame_45.jpg -0.0234895833333 0.0054052734375 0.0 0.0
supervised319_frame_46.jpg -0.0234708658854 0.00540966796875 0.0 0.0
supervised319_frame_47.jpg -0.0234521484375 0.0054140625 0.0 0.0
supervised319_frame_48.jpg -0.0234521484375 0.00541845703125 0.0 0.0
supervised319_frame_49.jpg -0.0234708658854 0.00541845703125 0.0 0.0
supervised319_frame_50.jpg -0.0234708658854 0.00541845703125 0.0 0.0
supervised319_frame_51.jpg -0.0234708658854 0.00541845703125 0.0 0.0
supervised319_frame_52.jpg -0.0234521484375 0.00541845703125 0.0 0.0
supervised319_frame_53.jpg -0.0234708658854 0.00541845703125 0.0 0.0
supervised319_frame_54.jpg -0.0234708658854 0.00541845703125 0.0 0.0
supervised319_frame_55.jpg -0.0234708658854 0.00541845703125 0.0 0.0
supervised319_frame_56.jpg -0.0234521484375 0.00541845703125 0.0 0.0
supervised319_frame_57.jpg -0.0234521484375 0.00541845703125 0.0 0.0
supervised319_frame_58.jpg -0.0234708658854 0.00541845703125 0.0 0.0
supervised319_frame_59.jpg -0.0234708658854 0.00541845703125 0.0 0.0
supervised319_frame_60.jpg -0.0234895833333 0.00541845703125 0.0 0.0
supervised319_frame_61.jpg -0.0234895833333 0.00541845703125 0.0 0.0
supervised319_frame_62.jpg -0.0187163628472 0.0036123046875 0.0 0.0
supervised320_frame_0.jpg 0.0170515950521 0.0 0.0 0.0
supervised320_frame_1.jpg 0.0218591308594 0.0 0.0 0.0
supervised320_frame_2.jpg 0.0234616427951 0.0 0.0 0.0
supervised320_frame_3.jpg 0.0266666666667 0.0 0.0 0.0
supervised320_frame_4.jpg 0.0266666666667 0.0 0.0 0.0
supervised320_frame_5.jpg 0.0266666666667 0.0 0.0 0.0
supervised320_frame_6.jpg 0.0266666666667 0.002 0.0 0.0
supervised320_frame_7.jpg 0.0266666666667 0.004 0.0 0.0
supervised320_frame_8.jpg 0.0266666666667 0.006 0.0 0.0
supervised320_frame_9.jpg 0.0266666666667 0.006 0.0 0.0
supervised320_frame_10.jpg 0.0266666666667 0.006 0.0 0.0
supervised320_frame_11.jpg 0.0266666666667 0.006 0.0 0.0
supervised320_frame_12.jpg 0.0266666666667 0.006 0.0 0.0
supervised320_frame_13.jpg 0.0266666666667 0.006 0.0 0.0
supervised320_frame_14.jpg 0.0259399414062 0.006 0.0 0.0
supervised320_frame_15.jpg 0.0250808376736 0.006 0.0 0.0
supervised320_frame_16.jpg 0.0238913302951 0.006 0.0 0.0
supervised320_frame_17.jpg 0.0157291666667 0.006 0.0 0.0
supervised320_frame_18.jpg 0.00769938151042 0.006 0.0 0.0
supervised320_frame_19.jpg 0.0 0.006 0.0 0.0
supervised320_frame_20.jpg 0.0 0.006 0.0 0.0
supervised320_frame_21.jpg 0.0 0.006 0.0 0.0
supervised320_frame_22.jpg 0.0 0.006 0.0 0.0
supervised320_frame_23.jpg -0.00776095920139 0.00567401123047 0.0 0.0
supervised320_frame_24.jpg -0.0156722005208 0.00529516601563 0.0 0.0
supervised320_frame_25.jpg -0.0245608181424 0.00430841064453 0.0 0.0
supervised320_frame_26.jpg -0.0256884765625 0.0035947265625 0.0 0.0
supervised320_frame_27.jpg -0.0266658528646 0.00293835449219 0.0 0.0
supervised320_frame_28.jpg -0.0266658528646 0.00288989257812 0.0 0.0
supervised320_frame_29.jpg -0.0266658528646 0.00289874267578 0.0 0.0
supervised320_frame_30.jpg -0.0266658528646 0.00290313720703 0.0 0.0
supervised320_frame_31.jpg -0.0266658528646 0.00290753173828 0.0 0.0
supervised320_frame_32.jpg -0.0266658528646 0.00290753173828 0.0 0.0
supervised320_frame_33.jpg -0.0266658528646 0.00290753173828 0.0 0.0
supervised320_frame_34.jpg -0.0266658528646 0.00290753173828 0.0 0.0
supervised320_frame_35.jpg -0.0266658528646 0.00291192626953 0.0 0.0
supervised320_frame_36.jpg -0.0266658528646 0.00291632080078 0.0 0.0
supervised320_frame_37.jpg -0.0266658528646 0.00292071533203 0.0 0.0
supervised320_frame_38.jpg -0.0266658528646 0.00292071533203 0.0 0.0
supervised320_frame_39.jpg -0.0266658528646 0.00293835449219 0.0 0.0
supervised320_frame_40.jpg -0.0266658528646 0.002982421875 0.0 0.0
supervised320_frame_41.jpg -0.0266658528646 0.00302648925781 0.0 0.0
supervised320_frame_42.jpg -0.0266658528646 0.00305291748047 0.0 0.0
supervised320_frame_43.jpg -0.0266658528646 0.00305291748047 0.0 0.0
supervised320_frame_44.jpg -0.0266658528646 0.00305291748047 0.0 0.0
supervised320_frame_45.jpg -0.0266658528646 0.00305291748047 0.0 0.0
supervised320_frame_46.jpg -0.0266658528646 0.00305291748047 0.0 0.0
supervised320_frame_47.jpg -0.0266658528646 0.00305291748047 0.0 0.0
supervised320_frame_48.jpg -0.0266658528646 0.00305291748047 0.0 0.0
supervised320_frame_49.jpg -0.0266658528646 0.00305291748047 0.0 0.0
supervised320_frame_50.jpg -0.0266658528646 0.00305291748047 0.0 0.0
supervised320_frame_51.jpg -0.0266658528646 0.00305291748047 0.0 0.0
supervised320_frame_52.jpg -0.0266658528646 0.00305291748047 0.0 0.0
supervised320_frame_53.jpg -0.0266658528646 0.00305291748047 0.0 0.0
supervised320_frame_54.jpg -0.0266658528646 0.00305291748047 0.0 0.0
supervised320_frame_55.jpg -0.0266658528646 0.00305291748047 0.0 0.0
supervised320_frame_56.jpg -0.0266658528646 0.00342730712891 0.0 0.0
supervised320_frame_57.jpg -0.0232454427083 0.00440966796875 0.0 0.0
supervised320_frame_58.jpg -0.0143568250868 0.00539202880859 0.0 0.0
supervised321_frame_0.jpg 0.0266666666667 0.0 0.0 0.0
supervised321_frame_1.jpg 0.0266666666667 0.0 0.0 0.0
supervised321_frame_2.jpg 0.0266666666667 0.0 0.0 0.0
supervised321_frame_3.jpg 0.0266666666667 0.002 0.0 0.0
supervised321_frame_4.jpg 0.0242545572917 0.004 0.0 0.0
supervised321_frame_5.jpg 0.0215120442708 0.006 0.0 0.0
supervised321_frame_6.jpg 0.01876953125 0.006 0.0 0.0
supervised321_frame_7.jpg 0.0184391276042 0.006 0.0 0.0
supervised321_frame_8.jpg 0.0184391276042 0.006 0.0 0.0
supervised321_frame_9.jpg 0.0184391276042 0.006 0.0 0.0
supervised321_frame_10.jpg 0.0184391276042 0.006 0.0 0.0
supervised321_frame_11.jpg 0.0184391276042 0.006 0.0 0.0
supervised321_frame_12.jpg 0.0184060329861 0.006 0.0 0.0
supervised321_frame_13.jpg 0.0122596571181 0.006 0.0 0.0
supervised321_frame_14.jpg 0.00611328125 0.006 0.0 0.0
supervised321_frame_15.jpg 0.0 0.006 0.0 0.0
supervised321_frame_16.jpg 0.0 0.006 0.0 0.0
supervised321_frame_17.jpg 0.0 0.006 0.0 0.0
supervised321_frame_18.jpg 0.0 0.006 0.0 0.0
supervised321_frame_19.jpg 0.0 0.006 0.0 0.0
supervised321_frame_20.jpg 0.0 0.006 0.0 0.0
supervised321_frame_21.jpg 0.0 0.006 0.0 0.0
supervised321_frame_22.jpg 0.0 0.006 0.0 0.0
supervised321_frame_23.jpg 0.0 0.006 0.0 0.0
supervised321_frame_24.jpg 0.0 0.006 0.0 0.0
supervised321_frame_25.jpg -0.00456624348958 0.006 0.0 0.0
supervised321_frame_26.jpg -0.00913248697917 0.006 0.0 0.0
supervised321_frame_27.jpg -0.0179646809896 0.00512335205078 0.0 0.0
supervised321_frame_28.jpg -0.0222493489583 0.00425109863281 0.0 0.0
supervised321_frame_29.jpg -0.026552734375 0.00337884521484 0.0 0.0
supervised321_frame_30.jpg -0.0265901692708 0.00338323974609 0.0 0.0
supervised321_frame_31.jpg -0.0266088867187 0.00338323974609 0.0 0.0
supervised321_frame_32.jpg -0.026627875434 0.00338763427734 0.0 0.0
supervised321_frame_33.jpg -0.0266468641493 0.00343609619141 0.0 0.0
supervised321_frame_34.jpg -0.0266658528646 0.00348455810547 0.0 0.0
supervised321_frame_35.jpg -0.0266658528646 0.00352862548828 0.0 0.0
supervised321_frame_36.jpg -0.0221180555556 0.00435241699219 0.0 0.0
supervised321_frame_37.jpg -0.00434054904514 0.00479736328125 0.0 0.0
supervised321_frame_38.jpg 0.0134369574653 0.00523345947266 0.0 0.0
supervised321_frame_39.jpg 0.0266666666667 0.00416735839844 0.0 0.0
supervised321_frame_40.jpg 0.0266666666667 0.00328631591797 0.0 0.0
supervised321_frame_41.jpg 0.0177777777778 0.00367401123047 0.0 0.0
supervised321_frame_42.jpg 0.00888888888889 0.00474011230469 0.0 0.0
supervised321_frame_43.jpg -0.00216091579861 0.006 0.0 0.0
supervised321_frame_44.jpg -0.00685872395833 0.006 0.0 0.0
supervised321_frame_45.jpg -0.0147886827257 0.006 0.0 0.0
supervised321_frame_46.jpg -0.0211216905382 0.00577532958984 0.0 0.0
supervised321_frame_47.jpg -0.0253125 0.00518060302734 0.0 0.0
supervised321_frame_48.jpg -0.0262711588542 0.00430395507813 0.0 0.0
supervised321_frame_49.jpg -0.0266658528646 0.00365637207031 0.0 0.0
supervised321_frame_50.jpg -0.0266658528646 0.00337884521484 0.0 0.0
supervised321_frame_51.jpg -0.0266658528646 0.00338323974609 0.0 0.0
supervised321_frame_52.jpg -0.0266658528646 0.00338323974609 0.0 0.0
supervised321_frame_53.jpg -0.0266658528646 0.00338323974609 0.0 0.0
supervised321_frame_54.jpg -0.0266658528646 0.00338323974609 0.0 0.0
supervised321_frame_55.jpg -0.0266658528646 0.00338763427734 0.0 0.0
supervised321_frame_56.jpg -0.0266658528646 0.00368280029297 0.0 0.0
supervised321_frame_57.jpg -0.0266658528646 0.00414093017578 0.0 0.0
supervised321_frame_58.jpg -0.0266658528646 0.00467834472656 0.0 0.0
supervised321_frame_59.jpg -0.0264588758681 0.00509240722656 0.0 0.0
supervised321_frame_60.jpg -0.0261957465278 0.00536553955078 0.0 0.0
supervised321_frame_61.jpg -0.0259136284722 0.00555499267578 0.0 0.0
supervised321_frame_62.jpg -0.0258384874132 0.00560345458984 0.0 0.0
supervised321_frame_63.jpg -0.0258194986979 0.00563427734375 0.0 0.0
supervised321_frame_64.jpg -0.02580078125 0.00566949462891 0.0 0.0
supervised321_frame_65.jpg -0.0257820638021 0.00567388916016 0.0 0.0
supervised321_frame_66.jpg -0.0257633463542 0.00567388916016 0.0 0.0
supervised321_frame_67.jpg -0.0257820638021 0.00566949462891 0.0 0.0
supervised321_frame_68.jpg -0.02580078125 0.00566949462891 0.0 0.0
supervised321_frame_69.jpg -0.02580078125 0.00566949462891 0.0 0.0
supervised322_frame_0.jpg 0.0266666666667 0.0 0.0 0.0
supervised322_frame_1.jpg 0.0266666666667 0.0 0.0 0.0
supervised322_frame_2.jpg 0.0266666666667 0.0 0.0 0.0
supervised322_frame_3.jpg 0.0266666666667 0.0 0.0 0.0
supervised322_frame_4.jpg 0.0266666666667 0.00078857421875 0.0 0.0
supervised322_frame_5.jpg 0.0266666666667 0.00278857421875 0.0 0.0
supervised322_frame_6.jpg 0.0266666666667 0.00478857421875 0.0 0.0
supervised322_frame_7.jpg 0.0266666666667 0.006 0.0 0.0
supervised322_frame_8.jpg 0.0266666666667 0.006 0.0 0.0
supervised322_frame_9.jpg 0.0266666666667 0.006 0.0 0.0
supervised322_frame_10.jpg 0.0266666666667 0.006 0.0 0.0
supervised322_frame_11.jpg 0.0266666666667 0.006 0.0 0.0
supervised322_frame_12.jpg 0.0266666666667 0.006 0.0 0.0
supervised322_frame_13.jpg 0.0266666666667 0.006 0.0 0.0
supervised322_frame_14.jpg 0.0266666666667 0.006 0.0 0.0
supervised322_frame_15.jpg 0.0266666666667 0.006 0.0 0.0
supervised322_frame_16.jpg 0.0266666666667 0.006 0.0 0.0
supervised322_frame_17.jpg 0.0244197591146 0.006 0.0 0.0
supervised322_frame_18.jpg 0.0221397569444 0.006 0.0 0.0
supervised322_frame_19.jpg 0.0198597547743 0.006 0.0 0.0
supervised322_frame_20.jpg 0.0221066623264 0.006 0.0 0.0
supervised322_frame_21.jpg 0.0243866644965 0.006 0.0 0.0
supervised322_frame_22.jpg 0.0266666666667 0.006 0.0 0.0
supervised322_frame_23.jpg 0.0266666666667 0.006 0.0 0.0
supervised322_frame_24.jpg 0.0266666666667 0.006 0.0 0.0
supervised322_frame_25.jpg 0.0266666666667 0.006 0.0 0.0
supervised322_frame_26.jpg 0.0266666666667 0.006 0.0 0.0
supervised322_frame_27.jpg 0.0266666666667 0.00571801757813 0.0 0.0
supervised322_frame_28.jpg 0.023792046441 0.00571801757813 0.0 0.0
supervised322_frame_29.jpg 0.0149031575521 0.00571801757813 0.0 0.0
supervised322_frame_30.jpg 0.00601426866319 0.006 0.0 0.0
supervised322_frame_31.jpg 0.0 0.006 0.0 0.0
supervised322_frame_32.jpg 0.0 0.006 0.0 0.0
supervised322_frame_33.jpg -0.00167236328125 0.006 0.0 0.0
supervised322_frame_34.jpg -0.00447211371528 0.006 0.0 0.0
supervised322_frame_35.jpg -0.00757269965278 0.006 0.0 0.0
supervised322_frame_36.jpg -0.00903835720486 0.006 0.0 0.0
supervised322_frame_37.jpg -0.0124584960938 0.006 0.0 0.0
supervised322_frame_38.jpg -0.0171001519097 0.00569158935547 0.0 0.0
supervised322_frame_39.jpg -0.0219675021701 0.00529071044922 0.0 0.0
supervised322_frame_40.jpg -0.0242038302951 0.00469598388672 0.0 0.0
supervised322_frame_41.jpg -0.0249742296007 0.00438323974609 0.0 0.0
supervised322_frame_42.jpg -0.0255002170139 0.00415856933594 0.0 0.0
supervised322_frame_43.jpg -0.0255753580729 0.00411889648437 0.0 0.0
supervised322_frame_44.jpg -0.0255940755208 0.00411010742187 0.0 0.0
supervised322_frame_45.jpg -0.0256130642361 0.00410571289062 0.0 0.0
supervised322_frame_46.jpg -0.0256130642361 0.00411016845703 0.0 0.0
supervised322_frame_47.jpg -0.0256320529514 0.00411016845703 0.0 0.0
supervised322_frame_48.jpg -0.0256130642361 0.00411016845703 0.0 0.0
supervised322_frame_49.jpg -0.0256130642361 0.00411016845703 0.0 0.0
supervised322_frame_50.jpg -0.0255940755208 0.00411016845703 0.0 0.0
supervised322_frame_51.jpg -0.0255940755208 0.00411016845703 0.0 0.0
supervised322_frame_52.jpg -0.0255940755208 0.00411016845703 0.0 0.0
supervised322_frame_53.jpg -0.0255940755208 0.00411016845703 0.0 0.0
supervised322_frame_54.jpg -0.0255940755208 0.00410571289062 0.0 0.0
supervised322_frame_55.jpg -0.0255940755208 0.00410125732422 0.0 0.0
supervised322_frame_56.jpg -0.0255940755208 0.00410125732422 0.0 0.0
supervised322_frame_57.jpg -0.0255940755208 0.00410571289062 0.0 0.0
supervised322_frame_58.jpg -0.0255940755208 0.00411016845703 0.0 0.0
supervised322_frame_59.jpg -0.0255940755208 0.00411016845703 0.0 0.0
supervised322_frame_60.jpg -0.0255940755208 0.00411016845703 0.0 0.0
supervised322_frame_61.jpg -0.0255940755208 0.00411016845703 0.0 0.0
supervised322_frame_62.jpg -0.0255940755208 0.00411016845703 0.0 0.0
supervised322_frame_63.jpg -0.0255940755208 0.00411016845703 0.0 0.0
supervised322_frame_64.jpg -0.0255940755208 0.00411016845703 0.0 0.0
supervised322_frame_65.jpg -0.0255940755208 0.00411016845703 0.0 0.0
supervised323_frame_0.jpg -0.0266658528646 0.0 0.0 0.0
supervised323_frame_1.jpg -0.0266658528646 0.0 0.0 0.0
supervised323_frame_2.jpg -0.0266658528646 0.0 0.0 0.0
supervised323_frame_3.jpg -0.0266658528646 0.0 0.0 0.0
supervised323_frame_4.jpg -0.0266658528646 0.0 0.0 0.0
supervised323_frame_5.jpg -0.0266658528646 0.0 0.0 0.0
supervised323_frame_6.jpg -0.0266658528646 0.0 0.0 0.0
supervised323_frame_7.jpg -0.0266658528646 0.0 0.0 0.0
supervised323_frame_8.jpg -0.0266658528646 0.0 0.0 0.0
supervised323_frame_9.jpg -0.0266658528646 0.0 0.0 0.0
supervised323_frame_10.jpg -0.0266658528646 0.0 0.0 0.0
supervised323_frame_11.jpg -0.0266658528646 0.000281982421875 0.0 0.0
supervised323_frame_12.jpg -0.0262147352431 0.00207928466797 0.0 0.0
supervised323_frame_13.jpg -0.0173261176215 0.00407928466797 0.0 0.0
supervised323_frame_14.jpg -0.0084375 0.00579730224609 0.0 0.0
supervised323_frame_15.jpg 0.0 0.006 0.0 0.0
supervised323_frame_16.jpg 0.00888888888889 0.006 0.0 0.0
supervised323_frame_17.jpg 0.0177777777778 0.006 0.0 0.0
supervised323_frame_18.jpg 0.0266666666667 0.006 0.0 0.0
supervised323_frame_19.jpg 0.0266666666667 0.006 0.0 0.0
supervised323_frame_20.jpg 0.0266666666667 0.00529071044922 0.0 0.0
supervised323_frame_21.jpg 0.0266666666667 0.00413653564453 0.0 0.0
supervised323_frame_22.jpg 0.0177777777778 0.00413653564453 0.0 0.0
supervised323_frame_23.jpg 0.00888888888889 0.00484582519531 0.0 0.0
supervised323_frame_24.jpg 0.0 0.006 0.0 0.0
supervised323_frame_25.jpg 0.0 0.006 0.0 0.0
supervised323_frame_26.jpg 0.0 0.006 0.0 0.0
supervised323_frame_27.jpg 0.0 0.006 0.0 0.0
supervised323_frame_28.jpg 0.0 0.006 0.0 0.0
supervised323_frame_29.jpg 0.0 0.006 0.0 0.0
supervised323_frame_30.jpg 0.0 0.006 0.0 0.0
supervised323_frame_31.jpg 0.0 0.006 0.0 0.0
supervised323_frame_32.jpg -0.00415283203125 0.006 0.0 0.0
supervised323_frame_33.jpg -0.0117635091146 0.00573565673828 0.0 0.0
supervised323_frame_34.jpg -0.0198250325521 0.00531274414062 0.0 0.0
supervised323_frame_35.jpg -0.0237337239583 0.00488543701172 0.0 0.0
supervised323_frame_36.jpg -0.0242035590278 0.00472247314453 0.0 0.0
supervised323_frame_37.jpg -0.0241848415799 0.00497357177734 0.0 0.0
supervised323_frame_38.jpg -0.0168937174479 0.00540087890625 0.0 0.0
supervised323_frame_39.jpg -0.00881320529514 0.00582818603516 0.0 0.0
supervised323_frame_40.jpg -0.000770399305556 0.006 0.0 0.0
supervised323_frame_41.jpg 0.0 0.006 0.0 0.0
supervised323_frame_42.jpg 0.0 0.006 0.0 0.0
supervised323_frame_43.jpg 0.0 0.006 0.0 0.0
supervised323_frame_44.jpg 0.0 0.006 0.0 0.0
supervised323_frame_45.jpg 0.0 0.006 0.0 0.0
supervised323_frame_46.jpg 0.0 0.006 0.0 0.0
supervised323_frame_47.jpg 0.0 0.006 0.0 0.0
supervised323_frame_48.jpg 0.0 0.006 0.0 0.0
supervised323_frame_49.jpg 0.0 0.006 0.0 0.0
supervised323_frame_50.jpg 0.0 0.006 0.0 0.0
supervised323_frame_51.jpg -0.00490451388889 0.006 0.0 0.0
supervised323_frame_52.jpg -0.0111433919271 0.006 0.0 0.0
supervised323_frame_53.jpg -0.0175512695313 0.006 0.0 0.0
supervised323_frame_54.jpg -0.0192239040799 0.006 0.0 0.0
supervised323_frame_55.jpg -0.0195431857639 0.006 0.0 0.0
supervised323_frame_56.jpg -0.0196934678819 0.006 0.0 0.0
supervised323_frame_57.jpg -0.0196744791667 0.006 0.0 0.0
supervised323_frame_58.jpg -0.0196744791667 0.006 0.0 0.0
supervised323_frame_59.jpg -0.0196744791667 0.006 0.0 0.0
supervised324_frame_0.jpg 0.0 0.006 0.0 0.0
supervised324_frame_1.jpg 0.0 0.006 0.0 0.0
supervised324_frame_2.jpg 0.0 0.006 0.0 0.0
supervised324_frame_3.jpg 0.0 0.006 0.0 0.0
supervised324_frame_4.jpg 0.00888888888889 0.006 0.0 0.0
supervised324_frame_5.jpg 0.0177777777778 0.006 0.0 0.0
supervised324_frame_6.jpg 0.0266666666667 0.00566369628906 0.0 0.0
supervised324_frame_7.jpg 0.0266666666667 0.00454864501953 0.0 0.0
supervised324_frame_8.jpg 0.0251741536458 0.00454864501953 0.0 0.0
supervised324_frame_9.jpg 0.0162852647569 0.00488494873047 0.0 0.0
supervised324_frame_10.jpg 0.00739637586806 0.006 0.0 0.0
supervised324_frame_11.jpg 0.0 0.006 0.0 0.0
supervised324_frame_12.jpg 0.0 0.006 0.0 0.0
supervised324_frame_13.jpg 0.0 0.006 0.0 0.0
supervised324_frame_14.jpg 0.0 0.006 0.0 0.0
supervised324_frame_15.jpg 0.0 0.006 0.0 0.0
supervised324_frame_16.jpg 0.0 0.006 0.0 0.0
supervised324_frame_17.jpg 0.0 0.006 0.0 0.0
supervised324_frame_18.jpg 0.0 0.006 0.0 0.0
supervised324_frame_19.jpg 0.0 0.006 0.0 0.0
supervised324_frame_20.jpg -0.00819797092014 0.006 0.0 0.0
supervised324_frame_21.jpg -0.0170865885417 0.00477435302734 0.0 0.0
supervised324_frame_22.jpg -0.0259752061632 0.00328765869141 0.0 0.0
supervised324_frame_23.jpg -0.0266658528646 0.00180096435547 0.0 0.0
supervised324_frame_24.jpg -0.0266658528646 0.00154431152344 0.0 0.0
supervised324_frame_25.jpg -0.0177772352431 0.00303100585938 0.0 0.0
supervised324_frame_26.jpg -0.00321695963542 0.00451770019531 0.0 0.0
supervised324_frame_27.jpg 0.0121394856771 0.006 0.0 0.0
supervised324_frame_28.jpg 0.0186404079861 0.006 0.0 0.0
supervised324_frame_29.jpg 0.019469672309 0.006 0.0 0.0
supervised324_frame_30.jpg 0.0195027669271 0.006 0.0 0.0
supervised324_frame_31.jpg 0.0130018446181 0.006 0.0 0.0
supervised324_frame_32.jpg -0.00189046223958 0.00564239501953 0.0 0.0
supervised324_frame_33.jpg -0.0169357638889 0.00518762207031 0.0 0.0
supervised324_frame_34.jpg -0.0258243815104 0.00414129638672 0.0 0.0
supervised324_frame_35.jpg -0.0263216145833 0.00345697021484 0.0 0.0
supervised324_frame_36.jpg -0.0266658528646 0.00286981201172 0.0 0.0
supervised324_frame_37.jpg -0.0266658528646 0.00287860107422 0.0 0.0
supervised324_frame_38.jpg -0.0266658528646 0.00288299560547 0.0 0.0
supervised324_frame_39.jpg -0.0266658528646 0.00288739013672 0.0 0.0
supervised324_frame_40.jpg -0.0266658528646 0.00288739013672 0.0 0.0
supervised324_frame_41.jpg -0.0266658528646 0.00288739013672 0.0 0.0
supervised324_frame_42.jpg -0.0266658528646 0.00288739013672 0.0 0.0
supervised324_frame_43.jpg -0.0266658528646 0.00289184570313 0.0 0.0
supervised324_frame_44.jpg -0.0266658528646 0.00289630126953 0.0 0.0
supervised324_frame_45.jpg -0.0266658528646 0.00290075683594 0.0 0.0
supervised324_frame_46.jpg -0.0266658528646 0.00290075683594 0.0 0.0
supervised324_frame_47.jpg -0.0266658528646 0.00290075683594 0.0 0.0
supervised324_frame_48.jpg -0.0266658528646 0.00290075683594 0.0 0.0
supervised324_frame_49.jpg -0.0266658528646 0.00290075683594 0.0 0.0
supervised324_frame_50.jpg -0.0266658528646 0.00290075683594 0.0 0.0
supervised324_frame_51.jpg -0.0266658528646 0.00290075683594 0.0 0.0
supervised324_frame_52.jpg -0.0266658528646 0.00290075683594 0.0 0.0
supervised324_frame_53.jpg -0.0266658528646 0.00290075683594 0.0 0.0
supervised325_frame_0.jpg 0.0266666666667 0.0 0.0 0.0
supervised325_frame_1.jpg 0.0266666666667 0.0 0.0 0.0
supervised325_frame_2.jpg 0.0266666666667 0.0 0.0 0.0
supervised325_frame_3.jpg 0.0266666666667 0.0 0.0 0.0
supervised325_frame_4.jpg 0.0266666666667 0.0 0.0 0.0
supervised325_frame_5.jpg 0.0266666666667 0.00189404296875 0.0 0.0
supervised325_frame_6.jpg 0.0266666666667 0.00389404296875 0.0 0.0
supervised325_frame_7.jpg 0.0266666666667 0.00589404296875 0.0 0.0
supervised325_frame_8.jpg 0.0263693576389 0.006 0.0 0.0
supervised325_frame_9.jpg 0.0260720486111 0.006 0.0 0.0
supervised325_frame_10.jpg 0.0257747395833 0.006 0.0 0.0
supervised325_frame_11.jpg 0.0257747395833 0.006 0.0 0.0
supervised325_frame_12.jpg 0.0171831597222 0.006 0.0 0.0
supervised325_frame_13.jpg 0.00859157986111 0.006 0.0 0.0
supervised325_frame_14.jpg 0.0 0.006 0.0 0.0
supervised325_frame_15.jpg 0.0 0.006 0.0 0.0
supervised325_frame_16.jpg 0.0 0.006 0.0 0.0
supervised325_frame_17.jpg 0.0 0.006 0.0 0.0
supervised325_frame_18.jpg 0.0 0.006 0.0 0.0
supervised325_frame_19.jpg 0.0 0.006 0.0 0.0
supervised325_frame_20.jpg 0.0 0.006 0.0 0.0
supervised325_frame_21.jpg 0.0 0.006 0.0 0.0
supervised325_frame_22.jpg 0.0 0.006 0.0 0.0
supervised325_frame_23.jpg 0.0 0.006 0.0 0.0
supervised325_frame_24.jpg 0.0 0.006 0.0 0.0
supervised325_frame_25.jpg 0.0 0.006 0.0 0.0
supervised325_frame_26.jpg 0.0 0.006 0.0 0.0
supervised325_frame_27.jpg 0.0 0.006 0.0 0.0
supervised325_frame_28.jpg 0.0 0.006 0.0 0.0
supervised325_frame_29.jpg 0.0 0.006 0.0 0.0
supervised325_frame_30.jpg 0.0 0.006 0.0 0.0
supervised325_frame_31.jpg 0.0 0.006 0.0 0.0
supervised325_frame_32.jpg 0.0 0.006 0.0 0.0
supervised325_frame_33.jpg 0.0 0.006 0.0 0.0
supervised325_frame_34.jpg -0.00327853732639 0.006 0.0 0.0
supervised325_frame_35.jpg -0.0121671549479 0.004 0.0 0.0
supervised325_frame_36.jpg -0.0210557725694 0.002 0.0 0.0
supervised325_frame_37.jpg -0.0266658528646 0.0 0.0 0.0
supervised325_frame_38.jpg -0.0266658528646 0.0 0.0 0.0
supervised325_frame_39.jpg -0.0266658528646 0.0 0.0 0.0
supervised325_frame_40.jpg -0.0266658528646 0.0 0.0 0.0
supervised325_frame_41.jpg -0.0266658528646 0.0 0.0 0.0
supervised325_frame_42.jpg -0.0266658528646 0.0 0.0 0.0
supervised325_frame_43.jpg -0.0266658528646 0.0 0.0 0.0
supervised325_frame_44.jpg -0.0266658528646 0.0 0.0 0.0
supervised325_frame_45.jpg -0.0266658528646 0.0 0.0 0.0
supervised325_frame_46.jpg -0.0266658528646 0.0 0.0 0.0
supervised325_frame_47.jpg -0.0266658528646 0.0 0.0 0.0
supervised325_frame_48.jpg -0.0266658528646 0.0 0.0 0.0
supervised325_frame_49.jpg -0.0266658528646 0.0 0.0 0.0
supervised325_frame_50.jpg -0.0266658528646 0.0 0.0 0.0
supervised325_frame_51.jpg -0.0266658528646 0.0 0.0 0.0
supervised325_frame_52.jpg -0.0266658528646 0.0 0.0 0.0
supervised325_frame_53.jpg -0.0266658528646 0.0 0.0 0.0
supervised325_frame_54.jpg -0.0266658528646 0.0 0.0 0.0
supervised325_frame_55.jpg -0.0177772352431 0.002 0.0 0.0
supervised325_frame_56.jpg -0.00888861762153 0.004 0.0 0.0
supervised325_frame_57.jpg 0.0 0.006 0.0 0.0
supervised325_frame_58.jpg 0.0 0.006 0.0 0.0
supervised325_frame_59.jpg 0.0 0.006 0.0 0.0
supervised325_frame_60.jpg 0.0 0.006 0.0 0.0
supervised325_frame_61.jpg -0.00576795789931 0.006 0.0 0.0
supervised325_frame_62.jpg -0.0136352539063 0.00558056640625 0.0 0.0
supervised325_frame_63.jpg -0.0219940863715 0.00495806884766 0.0 0.0
supervised325_frame_64.jpg -0.0246039496528 0.00433111572266 0.0 0.0
supervised325_frame_65.jpg -0.0251144748264 0.00412359619141 0.0 0.0
supervised325_frame_66.jpg -0.0251524522569 0.004119140625 0.0 0.0
supervised325_frame_67.jpg -0.0251714409722 0.004119140625 0.0 0.0
supervised325_frame_68.jpg -0.0251714409722 0.00412359619141 0.0 0.0
supervised325_frame_69.jpg -0.0251714409722 0.00412805175781 0.0 0.0
supervised325_frame_70.jpg -0.0251524522569 0.00413250732422 0.0 0.0
supervised325_frame_71.jpg -0.0251524522569 0.00413250732422 0.0 0.0
supervised325_frame_72.jpg -0.0251334635417 0.00413250732422 0.0 0.0
supervised325_frame_73.jpg -0.0251524522569 0.00413250732422 0.0 0.0
supervised326_frame_0.jpg 0.0266666666667 0.0 0.0 0.0
supervised326_frame_1.jpg 0.0266666666667 0.0 0.0 0.0
supervised326_frame_2.jpg 0.0266666666667 0.0 0.0 0.0
supervised326_frame_3.jpg 0.0266666666667 0.0 0.0 0.0
supervised326_frame_4.jpg 0.0266666666667 0.0 0.0 0.0
supervised326_frame_5.jpg 0.0266666666667 0.0 0.0 0.0
supervised326_frame_6.jpg 0.0266666666667 0.000331176757812 0.0 0.0
supervised326_frame_7.jpg 0.0266666666667 0.00233117675781 0.0 0.0
supervised326_frame_8.jpg 0.0266666666667 0.00433117675781 0.0 0.0
supervised326_frame_9.jpg 0.0266666666667 0.006 0.0 0.0
supervised326_frame_10.jpg 0.0266666666667 0.006 0.0 0.0
supervised326_frame_11.jpg 0.0266666666667 0.006 0.0 0.0
supervised326_frame_12.jpg 0.0251136610243 0.006 0.0 0.0
supervised326_frame_13.jpg 0.0162247721354 0.006 0.0 0.0
supervised326_frame_14.jpg 0.00733588324653 0.006 0.0 0.0
supervised326_frame_15.jpg 0.0 0.006 0.0 0.0
supervised326_frame_16.jpg 0.0 0.006 0.0 0.0
supervised326_frame_17.jpg 0.0 0.006 0.0 0.0
supervised326_frame_18.jpg 0.0 0.006 0.0 0.0
supervised326_frame_19.jpg 0.0 0.006 0.0 0.0
supervised326_frame_20.jpg 0.0 0.006 0.0 0.0
supervised326_frame_21.jpg 0.0 0.006 0.0 0.0
supervised326_frame_22.jpg 0.0 0.006 0.0 0.0
supervised326_frame_23.jpg 0.0 0.006 0.0 0.0
supervised326_frame_24.jpg 0.0 0.006 0.0 0.0
supervised326_frame_25.jpg -0.000699598524306 0.006 0.0 0.0
supervised326_frame_26.jpg -0.00958821614583 0.004 0.0 0.0
supervised326_frame_27.jpg -0.0184768337674 0.002 0.0 0.0
supervised326_frame_28.jpg -0.0266658528646 0.0 0.0 0.0
supervised326_frame_29.jpg -0.0266658528646 0.0 0.0 0.0
supervised326_frame_30.jpg -0.0266658528646 0.0 0.0 0.0
supervised326_frame_31.jpg -0.0266658528646 0.0 0.0 0.0
supervised326_frame_32.jpg -0.0177772352431 0.002 0.0 0.0
supervised326_frame_33.jpg -0.00888861762153 0.004 0.0 0.0
supervised326_frame_34.jpg 0.0 0.006 0.0 0.0
supervised326_frame_35.jpg 0.0 0.006 0.0 0.0
supervised326_frame_36.jpg -0.00230712890625 0.006 0.0 0.0
supervised326_frame_37.jpg -0.0111957465278 0.00479473876953 0.0 0.0
supervised326_frame_38.jpg -0.0200843641493 0.00358947753906 0.0 0.0
supervised326_frame_39.jpg -0.0266658528646 0.00238421630859 0.0 0.0
supervised326_frame_40.jpg -0.0266658528646 0.00238861083984 0.0 0.0
supervised326_frame_41.jpg -0.0266658528646 0.00239300537109 0.0 0.0
supervised326_frame_42.jpg -0.0266658528646 0.00239739990234 0.0 0.0
supervised326_frame_43.jpg -0.0266658528646 0.00239739990234 0.0 0.0
supervised326_frame_44.jpg -0.0266658528646 0.00240179443359 0.0 0.0
supervised326_frame_45.jpg -0.0266658528646 0.00240618896484 0.0 0.0
supervised326_frame_46.jpg -0.0266658528646 0.00249005126953 0.0 0.0
supervised326_frame_47.jpg -0.0266658528646 0.00319647216797 0.0 0.0
supervised326_frame_48.jpg -0.0199007161458 0.00439294433594 0.0 0.0
supervised326_frame_49.jpg -0.0131355794271 0.00550994873047 0.0 0.0
supervised326_frame_50.jpg -0.00637044270833 0.006 0.0 0.0
supervised326_frame_51.jpg -0.00706570095486 0.006 0.0 0.0
supervised326_frame_52.jpg -0.0109554036458 0.006 0.0 0.0
supervised326_frame_53.jpg -0.0159163411458 0.006 0.0 0.0
supervised326_frame_54.jpg -0.0201820203993 0.006 0.0 0.0
supervised326_frame_55.jpg -0.0212532552083 0.006 0.0 0.0
supervised326_frame_56.jpg -0.0212532552083 0.006 0.0 0.0
supervised326_frame_57.jpg -0.0212719726562 0.006 0.0 0.0
supervised326_frame_58.jpg -0.0213096788194 0.006 0.0 0.0
supervised326_frame_59.jpg -0.0213661024306 0.00598675537109 0.0 0.0
supervised326_frame_60.jpg -0.0214412434896 0.00595147705078 0.0 0.0
supervised326_frame_61.jpg -0.0214973958333 0.00591619873047 0.0 0.0
supervised326_frame_62.jpg -0.0215725368924 0.00585894775391 0.0 0.0
supervised326_frame_63.jpg -0.0216666666667 0.0058193359375 0.0 0.0
supervised326_frame_64.jpg -0.0217420789931 0.00577087402344 0.0 0.0
supervised326_frame_65.jpg -0.0218359375 0.00575323486328 0.0 0.0
supervised326_frame_66.jpg -0.0218733723958 0.00573559570312 0.0 0.0
supervised326_frame_67.jpg -0.0219485134549 0.00572680664063 0.0 0.0
supervised326_frame_68.jpg -0.0219675021701 0.00572241210938 0.0 0.0
supervised326_frame_69.jpg -0.0219864908854 0.00571801757813 0.0 0.0
supervised327_frame_0.jpg 0.00912027994792 0.006 0.0 0.0
supervised327_frame_1.jpg 0.00827799479167 0.006 0.0 0.0
supervised327_frame_2.jpg 0.00204237196181 0.006 0.0 0.0
supervised327_frame_3.jpg -0.00988633897569 0.00524230957031 0.0 0.0
supervised327_frame_4.jpg -0.0212535264757 0.00425109863281 0.0 0.0
supervised327_frame_5.jpg -0.0266658528646 0.00310571289062 0.0 0.0
supervised327_frame_6.jpg -0.0266658528646 0.00251538085937 0.0 0.0
supervised327_frame_7.jpg -0.0266658528646 0.00215856933594 0.0 0.0
supervised327_frame_8.jpg -0.0266658528646 0.00305285644531 0.0 0.0
supervised327_frame_9.jpg -0.0217420789931 0.00440087890625 0.0 0.0
supervised327_frame_10.jpg -0.0128534613715 0.00574890136719 0.0 0.0
supervised327_frame_11.jpg -0.00396484375 0.006 0.0 0.0
supervised327_frame_12.jpg 0.0 0.006 0.0 0.0
supervised327_frame_13.jpg -0.00355143229167 0.006 0.0 0.0
supervised327_frame_14.jpg -0.01240234375 0.00575769042969 0.0 0.0
supervised327_frame_15.jpg -0.0212719726562 0.00548455810547 0.0 0.0
supervised327_frame_16.jpg -0.0265714518229 0.0052158203125 0.0 0.0
supervised327_frame_17.jpg -0.0266091579861 0.00519378662109 0.0 0.0
supervised327_frame_18.jpg -0.0266281467014 0.00520257568359 0.0 0.0
supervised327_frame_19.jpg -0.0266468641493 0.00521136474609 0.0 0.0
supervised327_frame_20.jpg -0.026627875434 0.00521575927734 0.0 0.0
supervised327_frame_21.jpg -0.0265901692708 0.00522015380859 0.0 0.0
supervised327_frame_22.jpg -0.0265714518229 0.00522900390625 0.0 0.0
supervised327_frame_23.jpg -0.0198814561632 0.00548895263672 0.0 0.0
supervised327_frame_24.jpg -0.0110305447049 0.00574890136719 0.0 0.0
supervised327_frame_25.jpg -0.00217963324653 0.006 0.0 0.0
supervised327_frame_26.jpg 0.0 0.006 0.0 0.0
supervised327_frame_27.jpg 0.0 0.006 0.0 0.0
supervised327_frame_28.jpg 0.0 0.006 0.0 0.0
supervised327_frame_29.jpg 0.0 0.006 0.0 0.0
supervised327_frame_30.jpg 0.0 0.006 0.0 0.0
supervised327_frame_31.jpg -0.000638834635417 0.006 0.0 0.0
supervised327_frame_32.jpg -0.00161593967014 0.006 0.0 0.0
supervised327_frame_33.jpg -0.002724609375 0.006 0.0 0.0
supervised327_frame_34.jpg -0.00319444444444 0.006 0.0 0.0
supervised327_frame_35.jpg -0.00332600911458 0.006 0.0 0.0
supervised327_frame_36.jpg -0.00332600911458 0.006 0.0 0.0
supervised327_frame_37.jpg -0.00332600911458 0.006 0.0 0.0
supervised327_frame_38.jpg -0.00332600911458 0.006 0.0 0.0
supervised327_frame_39.jpg -0.00332600911458 0.006 0.0 0.0
supervised327_frame_40.jpg -0.00332600911458 0.006 0.0 0.0
supervised327_frame_41.jpg -0.00332600911458 0.006 0.0 0.0
supervised327_frame_42.jpg -0.00332600911458 0.006 0.0 0.0
supervised327_frame_43.jpg -0.00330702039931 0.006 0.0 0.0
supervised327_frame_44.jpg -0.00328803168403 0.006 0.0 0.0
supervised327_frame_45.jpg -0.00326904296875 0.006 0.0 0.0
supervised327_frame_46.jpg -0.00326904296875 0.006 0.0 0.0
supervised327_frame_47.jpg -0.00326904296875 0.006 0.0 0.0
supervised327_frame_48.jpg -0.00326904296875 0.006 0.0 0.0
supervised328_frame_0.jpg 0.0266666666667 0.0 0.0 0.0
supervised328_frame_1.jpg 0.0266666666667 0.000984558105469 0.0 0.0
supervised328_frame_2.jpg 0.0266666666667 0.00132159423828 0.0 0.0
supervised328_frame_3.jpg 0.0266666666667 0.00281494140625 0.0 0.0
supervised328_frame_4.jpg 0.0266666666667 0.00415856933594 0.0 0.0
supervised328_frame_5.jpg 0.0266666666667 0.00549334716797 0.0 0.0
supervised328_frame_6.jpg 0.0266666666667 0.006 0.0 0.0
supervised328_frame_7.jpg 0.0266666666667 0.006 0.0 0.0
supervised328_frame_8.jpg 0.0266666666667 0.006 0.0 0.0
supervised328_frame_9.jpg 0.0266666666667 0.006 0.0 0.0
supervised328_frame_10.jpg 0.0264686414931 0.006 0.0 0.0
supervised328_frame_11.jpg 0.0250477430556 0.006 0.0 0.0
supervised328_frame_12.jpg 0.0235609266493 0.006 0.0 0.0
supervised328_frame_13.jpg 0.0191330295139 0.006 0.0 0.0
supervised328_frame_14.jpg 0.0116650390625 0.006 0.0 0.0
supervised328_frame_15.jpg 0.00426296657986 0.006 0.0 0.0
supervised328_frame_16.jpg 0.0 0.006 0.0 0.0
supervised328_frame_17.jpg 0.0 0.006 0.0 0.0
supervised328_frame_18.jpg 0.0 0.006 0.0 0.0
supervised328_frame_19.jpg 0.0 0.006 0.0 0.0
supervised328_frame_20.jpg 0.0 0.006 0.0 0.0
supervised328_frame_21.jpg 0.0 0.006 0.0 0.0
supervised328_frame_22.jpg 0.0 0.006 0.0 0.0
supervised328_frame_23.jpg 0.0 0.006 0.0 0.0
supervised328_frame_24.jpg 0.0 0.006 0.0 0.0
supervised328_frame_25.jpg 0.0 0.006 0.0 0.0
supervised328_frame_26.jpg -0.00770453559028 0.00567401123047 0.0 0.0
supervised328_frame_27.jpg -0.0165931532118 0.00443170166016 0.0 0.0
supervised328_frame_28.jpg -0.0254817708333 0.00311010742187 0.0 0.0
supervised328_frame_29.jpg -0.0266658528646 0.00211889648438 0.0 0.0
supervised328_frame_30.jpg -0.0266658528646 0.00204400634766 0.0 0.0
supervised328_frame_31.jpg -0.0266658528646 0.00204840087891 0.0 0.0
supervised328_frame_32.jpg -0.0266658528646 0.00204840087891 0.0 0.0
supervised328_frame_33.jpg -0.0266658528646 0.00204840087891 0.0 0.0
supervised328_frame_34.jpg -0.0266658528646 0.00205285644531 0.0 0.0
supervised328_frame_35.jpg -0.0266658528646 0.00206170654297 0.0 0.0
supervised328_frame_36.jpg -0.0266658528646 0.00207055664063 0.0 0.0
supervised328_frame_37.jpg -0.0266658528646 0.00209259033203 0.0 0.0
supervised328_frame_38.jpg -0.0229261610243 0.00340093994141 0.0 0.0
supervised328_frame_39.jpg -0.0182280815972 0.00470928955078 0.0 0.0
supervised328_frame_40.jpg -0.01240234375 0.006 0.0 0.0
supervised328_frame_41.jpg -0.00943305121528 0.006 0.0 0.0
supervised328_frame_42.jpg -0.00725314670139 0.006 0.0 0.0
supervised328_frame_43.jpg -0.00620090060764 0.006 0.0 0.0
supervised328_frame_44.jpg -0.00603190104167 0.006 0.0 0.0
supervised328_frame_45.jpg -0.00603190104167 0.006 0.0 0.0
supervised328_frame_46.jpg -0.00672715928819 0.006 0.0 0.0
supervised328_frame_47.jpg -0.00873779296875 0.006 0.0 0.0
supervised328_frame_48.jpg -0.0113875325521 0.006 0.0 0.0
supervised328_frame_49.jpg -0.0150330946181 0.006 0.0 0.0
supervised328_frame_50.jpg -0.0180962456597 0.006 0.0 0.0
supervised328_frame_51.jpg -0.0205202907986 0.006 0.0 0.0
supervised328_frame_52.jpg -0.0212719726562 0.006 0.0 0.0
supervised328_frame_53.jpg -0.0212719726562 0.006 0.0 0.0
supervised328_frame_54.jpg -0.0213658311632 0.006 0.0 0.0
supervised328_frame_55.jpg -0.0217041015625 0.00593829345703 0.0 0.0
supervised328_frame_56.jpg -0.022080078125 0.00586340332031 0.0 0.0
supervised328_frame_57.jpg -0.0223996310764 0.00577526855469 0.0 0.0
supervised328_frame_58.jpg -0.0224560546875 0.00574884033203 0.0 0.0
supervised328_frame_59.jpg -0.0225122070312 0.00572235107422 0.0 0.0
supervised328_frame_60.jpg -0.0225686306424 0.00566949462891 0.0 0.0
supervised328_frame_61.jpg -0.0226437717014 0.00560339355469 0.0 0.0
supervised328_frame_62.jpg -0.0227379014757 0.00554614257812 0.0 0.0
supervised328_frame_63.jpg -0.0228130425347 0.00552410888672 0.0 0.0
supervised328_frame_64.jpg -0.0228694661458 0.00551092529297 0.0 0.0
supervised328_frame_65.jpg -0.0228694661458 0.00550213623047 0.0 0.0
supervised328_frame_66.jpg -0.0228881835938 0.00549334716797 0.0 0.0
supervised328_frame_67.jpg -0.0228881835938 0.00548455810547 0.0 0.0
supervised329_frame_0.jpg 0.0 0.006 0.0 0.0
supervised329_frame_1.jpg 0.0 0.006 0.0 0.0
supervised329_frame_2.jpg 0.0 0.006 0.0 0.0
supervised329_frame_3.jpg 0.0 0.006 0.0 0.0
supervised329_frame_4.jpg -0.00142795138889 0.006 0.0 0.0
supervised329_frame_5.jpg -0.00304389105903 0.006 0.0 0.0
supervised329_frame_6.jpg -0.00642632378472 0.006 0.0 0.0
supervised329_frame_7.jpg -0.00860622829861 0.006 0.0 0.0
supervised329_frame_8.jpg -0.0121392144097 0.006 0.0 0.0
supervised329_frame_9.jpg -0.0158599175347 0.006 0.0 0.0
supervised329_frame_10.jpg -0.0211406792535 0.00482818603516 0.0 0.0
supervised329_frame_11.jpg -0.0248803710938 0.00412335205078 0.0 0.0
supervised329_frame_12.jpg -0.0261583116319 0.00399114990234 0.0 0.0
supervised329_frame_13.jpg -0.0205018446181 0.00516296386719 0.0 0.0
supervised329_frame_14.jpg -0.0116132269965 0.00586779785156 0.0 0.0
supervised329_frame_15.jpg -0.00323215060764 0.006 0.0 0.0
supervised329_frame_16.jpg 0.0 0.006 0.0 0.0
supervised329_frame_17.jpg 0.0 0.006 0.0 0.0
supervised329_frame_18.jpg 0.0 0.006 0.0 0.0
supervised329_frame_19.jpg -0.00342013888889 0.006 0.0 0.0
supervised329_frame_20.jpg -0.00772325303819 0.006 0.0 0.0
supervised329_frame_21.jpg -0.0120453559028 0.006 0.0 0.0
supervised329_frame_22.jpg -0.0129283311632 0.006 0.0 0.0
supervised329_frame_23.jpg -0.0150895182292 0.006 0.0 0.0
supervised329_frame_24.jpg -0.0196560329861 0.00559466552734 0.0 0.0
supervised329_frame_25.jpg -0.0242415364583 0.00513208007813 0.0 0.0
supervised329_frame_26.jpg -0.0266658528646 0.00465191650391 0.0 0.0
supervised329_frame_27.jpg -0.0266658528646 0.00457263183594 0.0 0.0
supervised329_frame_28.jpg -0.0266658528646 0.00455059814453 0.0 0.0
supervised329_frame_29.jpg -0.0259328884549 0.00485455322266 0.0 0.0
supervised329_frame_30.jpg -0.0208965386285 0.00533917236328 0.0 0.0
supervised329_frame_31.jpg -0.0120079210069 0.00582379150391 0.0 0.0
supervised329_frame_32.jpg -0.00385226779514 0.006 0.0 0.0
supervised329_frame_33.jpg 0.0 0.006 0.0 0.0
supervised329_frame_34.jpg 0.0 0.006 0.0 0.0
supervised329_frame_35.jpg 0.0 0.006 0.0 0.0
supervised329_frame_36.jpg 0.0 0.006 0.0 0.0
supervised329_frame_37.jpg 0.0 0.006 0.0 0.0
supervised329_frame_38.jpg 0.0 0.006 0.0 0.0
supervised329_frame_39.jpg 0.0 0.006 0.0 0.0
supervised329_frame_40.jpg 0.0 0.006 0.0 0.0
supervised329_frame_41.jpg 0.0 0.006 0.0 0.0
supervised329_frame_42.jpg -0.00296902126736 0.006 0.0 0.0
supervised329_frame_43.jpg -0.00734754774306 0.006 0.0 0.0
supervised329_frame_44.jpg -0.012233344184 0.006 0.0 0.0
supervised329_frame_45.jpg -0.0142065429687 0.006 0.0 0.0
supervised329_frame_46.jpg -0.0146950954861 0.006 0.0 0.0
supervised329_frame_47.jpg -0.0106548394097 0.006 0.0 0.0
supervised330_frame_0.jpg 0.0266666666667 0.0 0.0 0.0
supervised330_frame_1.jpg 0.0266666666667 0.0 0.0 0.0
supervised330_frame_2.jpg 0.0266666666667 0.0 0.0 0.0
supervised330_frame_3.jpg 0.0266666666667 0.0 0.0 0.0
supervised330_frame_4.jpg 0.0266666666667 0.002 0.0 0.0
supervised330_frame_5.jpg 0.0240562608507 0.004 0.0 0.0
supervised330_frame_6.jpg 0.020553656684 0.006 0.0 0.0
supervised330_frame_7.jpg 0.0169189453125 0.006 0.0 0.0
supervised330_frame_8.jpg 0.0153328450521 0.006 0.0 0.0
supervised330_frame_9.jpg 0.013317328559 0.006 0.0 0.0
supervised330_frame_10.jpg 0.0109711371528 0.006 0.0 0.0
supervised330_frame_11.jpg 0.00915364583333 0.006 0.0 0.0
supervised330_frame_12.jpg 0.00746826171875 0.006 0.0 0.0
supervised330_frame_13.jpg 0.00535346137153 0.006 0.0 0.0
supervised330_frame_14.jpg 0.00247856987847 0.006 0.0 0.0
supervised330_frame_15.jpg 0.000793185763889 0.006 0.0 0.0
supervised330_frame_16.jpg 0.0 0.006 0.0 0.0
supervised330_frame_17.jpg 0.0 0.006 0.0 0.0
supervised330_frame_18.jpg 0.0 0.006 0.0 0.0
supervised330_frame_19.jpg 0.0 0.006 0.0 0.0
supervised330_frame_20.jpg 0.0 0.006 0.0 0.0
supervised330_frame_21.jpg 0.0 0.006 0.0 0.0
supervised330_frame_22.jpg 0.0 0.006 0.0 0.0
supervised330_frame_23.jpg 0.0 0.006 0.0 0.0
supervised330_frame_24.jpg -0.00691541883681 0.006 0.0 0.0
supervised330_frame_25.jpg -0.0139059787326 0.006 0.0 0.0
supervised330_frame_26.jpg -0.0204079861111 0.006 0.0 0.0
supervised330_frame_27.jpg -0.0199945746528 0.006 0.0 0.0
supervised330_frame_28.jpg -0.0130040147569 0.006 0.0 0.0
supervised330_frame_29.jpg -0.00650200737847 0.006 0.0 0.0
supervised330_frame_30.jpg 0.0 0.006 0.0 0.0
supervised330_frame_31.jpg -0.00263075086806 0.006 0.0 0.0
supervised330_frame_32.jpg -0.00712185329861 0.006 0.0 0.0
supervised330_frame_33.jpg -0.0118573676215 0.006 0.0 0.0
supervised330_frame_34.jpg -0.0139808485243 0.006 0.0 0.0
supervised330_frame_35.jpg -0.0142626953125 0.006 0.0 0.0
supervised330_frame_36.jpg -0.0142814127604 0.006 0.0 0.0
supervised330_frame_37.jpg -0.0143001302083 0.006 0.0 0.0
supervised330_frame_38.jpg -0.0142814127604 0.006 0.0 0.0
supervised330_frame_39.jpg -0.0143001302083 0.006 0.0 0.0
supervised330_frame_40.jpg -0.0142814127604 0.006 0.0 0.0
supervised330_frame_41.jpg -0.0143001302083 0.006 0.0 0.0
supervised330_frame_42.jpg -0.0142814127604 0.006 0.0 0.0
supervised330_frame_43.jpg -0.0142814127604 0.006 0.0 0.0
supervised330_frame_44.jpg -0.0142626953125 0.006 0.0 0.0
supervised330_frame_45.jpg -0.0142626953125 0.006 0.0 0.0
supervised330_frame_46.jpg -0.0142626953125 0.006 0.0 0.0
supervised330_frame_47.jpg -0.0142626953125 0.006 0.0 0.0
supervised330_frame_48.jpg -0.0142626953125 0.006 0.0 0.0
supervised330_frame_49.jpg -0.0142626953125 0.006 0.0 0.0
supervised330_frame_50.jpg -0.0142626953125 0.006 0.0 0.0
supervised330_frame_51.jpg -0.0142814127604 0.006 0.0 0.0
supervised330_frame_52.jpg -0.0142814127604 0.006 0.0 0.0
supervised330_frame_53.jpg -0.0114626736111 0.006 0.0 0.0
supervised330_frame_54.jpg -0.00668972439236 0.006 0.0 0.0
supervised330_frame_55.jpg -0.00193549262153 0.006 0.0 0.0
supervised330_frame_56.jpg 0.0 0.006 0.0 0.0
supervised330_frame_57.jpg 0.0 0.006 0.0 0.0
supervised330_frame_58.jpg 0.0 0.006 0.0 0.0
supervised330_frame_60.jpg -0.00755425347222 0.006 0.0 0.0
supervised330_frame_61.jpg -0.0119137912326 0.006 0.0 0.0
supervised330_frame_62.jpg -0.0133794487847 0.006 0.0 0.0
supervised330_frame_63.jpg -0.0147135416667 0.006 0.0 0.0
supervised330_frame_64.jpg -0.0155780707465 0.006 0.0 0.0
supervised330_frame_65.jpg -0.0157096354167 0.006 0.0 0.0
supervised330_frame_66.jpg -0.0157096354167 0.006 0.0 0.0
supervised330_frame_67.jpg -0.0157283528646 0.006 0.0 0.0
supervised330_frame_68.jpg -0.0157283528646 0.006 0.0 0.0
supervised330_frame_69.jpg -0.0157283528646 0.006 0.0 0.0
supervised330_frame_70.jpg -0.0157283528646 0.006 0.0 0.0
supervised330_frame_71.jpg -0.0157283528646 0.006 0.0 0.0
supervised330_frame_72.jpg -0.0157096354167 0.006 0.0 0.0
supervised330_frame_73.jpg -0.0157096354167 0.006 0.0 0.0
supervised330_frame_74.jpg -0.0156909179687 0.006 0.0 0.0
supervised330_frame_75.jpg -0.0156909179687 0.006 0.0 0.0
supervised330_frame_76.jpg -0.0156722005208 0.006 0.0 0.0
supervised330_frame_77.jpg -0.0156722005208 0.006 0.0 0.0
supervised330_frame_78.jpg -0.0156722005208 0.006 0.0 0.0
supervised330_frame_79.jpg -0.0156722005208 0.006 0.0 0.0
supervised330_frame_80.jpg -0.0156722005208 0.006 0.0 0.0
supervised330_frame_81.jpg -0.0156722005208 0.006 0.0 0.0
supervised331_frame_0.jpg 0.0236930338542 0.0 0.0 0.0
supervised331_frame_1.jpg 0.0251798502604 0.0 0.0 0.0
supervised331_frame_2.jpg 0.0256754557292 0.002 0.0 0.0
supervised331_frame_3.jpg 0.0266666666667 0.004 0.0 0.0
supervised331_frame_4.jpg 0.0266666666667 0.006 0.0 0.0
supervised331_frame_5.jpg 0.0252788628472 0.006 0.0 0.0
supervised331_frame_6.jpg 0.0248494466146 0.006 0.0 0.0
supervised331_frame_7.jpg 0.0248494466146 0.006 0.0 0.0
supervised331_frame_8.jpg 0.026237250434 0.00582818603516 0.0 0.0
supervised331_frame_9.jpg 0.0266666666667 0.00565637207031 0.0 0.0
supervised331_frame_10.jpg 0.0266666666667 0.00565637207031 0.0 0.0
supervised331_frame_11.jpg 0.0255102539063 0.00582818603516 0.0 0.0
supervised331_frame_12.jpg 0.0243538411458 0.006 0.0 0.0
supervised331_frame_13.jpg 0.0231974283854 0.006 0.0 0.0
supervised331_frame_14.jpg 0.0231974283854 0.006 0.0 0.0
supervised331_frame_15.jpg 0.0231974283854 0.006 0.0 0.0
supervised331_frame_16.jpg 0.0208181423611 0.006 0.0 0.0
supervised331_frame_17.jpg 0.0130856662326 0.006 0.0 0.0
supervised331_frame_18.jpg 0.00535319010417 0.006 0.0 0.0
supervised331_frame_19.jpg 0.0 0.006 0.0 0.0
supervised331_frame_20.jpg 0.0 0.006 0.0 0.0
supervised331_frame_21.jpg 0.0 0.006 0.0 0.0
supervised331_frame_22.jpg 0.0 0.006 0.0 0.0
supervised331_frame_23.jpg 0.0 0.006 0.0 0.0
supervised331_frame_24.jpg 0.0 0.006 0.0 0.0
supervised331_frame_25.jpg -0.00721598307292 0.006 0.0 0.0
supervised331_frame_26.jpg -0.0161046006944 0.00525549316406 0.0 0.0
supervised331_frame_27.jpg -0.024993218316 0.00451098632813 0.0 0.0
supervised331_frame_28.jpg -0.0266658528646 0.00377087402344 0.0 0.0
supervised331_frame_29.jpg -0.0266658528646 0.00377526855469 0.0 0.0
supervised331_frame_30.jpg -0.0266658528646 0.00377966308594 0.0 0.0
supervised331_frame_31.jpg -0.0266658528646 0.00377966308594 0.0 0.0
supervised331_frame_32.jpg -0.0265342881944 0.00417175292969 0.0 0.0
supervised331_frame_33.jpg -0.0252563476562 0.00491186523437 0.0 0.0
supervised331_frame_34.jpg -0.0230574544271 0.00565197753906 0.0 0.0
supervised331_frame_35.jpg -0.0143004014757 0.006 0.0 0.0
supervised331_frame_36.jpg -0.00668972439236 0.006 0.0 0.0
supervised331_frame_37.jpg 0.0 0.006 0.0 0.0
supervised331_frame_38.jpg -0.00315700954861 0.006 0.0 0.0
supervised331_frame_39.jpg -0.0078173828125 0.006 0.0 0.0
supervised331_frame_40.jpg -0.0137744140625 0.006 0.0 0.0
supervised331_frame_41.jpg -0.0165180121528 0.006 0.0 0.0
supervised331_frame_42.jpg -0.0177582465278 0.006 0.0 0.0
supervised331_frame_43.jpg -0.0177205403646 0.006 0.0 0.0
supervised331_frame_44.jpg -0.0177205403646 0.006 0.0 0.0
supervised331_frame_45.jpg -0.0176641167535 0.006 0.0 0.0
supervised331_frame_46.jpg -0.0175889756944 0.006 0.0 0.0
supervised331_frame_47.jpg -0.0174761284722 0.006 0.0 0.0
supervised331_frame_48.jpg -0.017438422309 0.006 0.0 0.0
supervised331_frame_49.jpg -0.0173819986979 0.006 0.0 0.0
supervised331_frame_50.jpg -0.0173819986979 0.006 0.0 0.0
supervised331_frame_51.jpg -0.01736328125 0.006 0.0 0.0
supervised331_frame_52.jpg -0.0173819986979 0.006 0.0 0.0
supervised331_frame_53.jpg -0.0174007161458 0.006 0.0 0.0
supervised331_frame_54.jpg -0.017438422309 0.006 0.0 0.0
supervised331_frame_55.jpg -0.0175325520833 0.006 0.0 0.0
supervised331_frame_56.jpg -0.0176641167535 0.006 0.0 0.0
supervised331_frame_57.jpg -0.0178143988715 0.006 0.0 0.0
supervised331_frame_58.jpg -0.0179082573785 0.006 0.0 0.0
supervised331_frame_59.jpg -0.0179646809896 0.006 0.0 0.0
supervised331_frame_60.jpg -0.0180021158854 0.006 0.0 0.0
supervised331_frame_61.jpg -0.0180398220486 0.006 0.0 0.0
supervised331_frame_62.jpg -0.0180585394965 0.006 0.0 0.0
supervised331_frame_63.jpg -0.0180585394965 0.006 0.0 0.0
supervised331_frame_64.jpg -0.0180208333333 0.006 0.0 0.0
supervised331_frame_65.jpg -0.0180021158854 0.006 0.0 0.0
supervised331_frame_66.jpg -0.0180211046007 0.006 0.0 0.0
supervised331_frame_67.jpg -0.0180775282118 0.006 0.0 0.0
supervised331_frame_68.jpg -0.018115234375 0.006 0.0 0.0
supervised331_frame_69.jpg -0.018115234375 0.006 0.0 0.0
supervised331_frame_70.jpg -0.0180775282118 0.006 0.0 0.0
supervised331_frame_71.jpg -0.0180398220486 0.006 0.0 0.0
supervised331_frame_72.jpg -0.0208962673611 0.00452423095703 0.0 0.0
supervised332_frame_0.jpg 0.0 0.00237890625 0.0 0.0
supervised332_frame_1.jpg 0.0133333333333 0.004189453125 0.0 0.0
supervised332_frame_2.jpg 0.0177777777778 0.00479296875 0.0 0.0
supervised332_frame_3.jpg 0.0266666666667 0.00579730224609 0.0 0.0
supervised332_frame_4.jpg 0.0266666666667 0.00456384277344 0.0 0.0
supervised332_frame_5.jpg 0.0266666666667 0.00256384277344 0.0 0.0
supervised332_frame_6.jpg 0.0266666666667 0.000766540527344 0.0 0.0
supervised332_frame_7.jpg 0.0266666666667 0.002 0.0 0.0
supervised332_frame_8.jpg 0.020090874566 0.004 0.0 0.0
supervised332_frame_9.jpg 0.0112019856771 0.006 0.0 0.0
supervised332_frame_10.jpg 0.00231309678819 0.006 0.0 0.0
supervised332_frame_11.jpg 0.0 0.006 0.0 0.0
supervised332_frame_12.jpg 0.0 0.006 0.0 0.0
supervised332_frame_13.jpg 0.0 0.006 0.0 0.0
supervised332_frame_14.jpg 0.0 0.006 0.0 0.0
supervised332_frame_15.jpg 0.0 0.006 0.0 0.0
supervised332_frame_16.jpg 0.0 0.006 0.0 0.0
supervised332_frame_17.jpg 0.0 0.006 0.0 0.0
supervised332_frame_18.jpg 0.00888888888889 0.00536560058594 0.0 0.0
supervised332_frame_19.jpg 0.0177777777778 0.00388543701172 0.0 0.0
supervised332_frame_20.jpg 0.0266666666667 0.00238323974609 0.0 0.0
supervised332_frame_21.jpg 0.0266666666667 0.00101763916016 0.0 0.0
supervised332_frame_22.jpg 0.0266666666667 0.000497802734375 0.0 0.0
supervised332_frame_23.jpg 0.0266666666667 0.0 0.0 0.0
supervised332_frame_24.jpg 0.0266666666667 0.0 0.0 0.0
supervised332_frame_25.jpg 0.0266666666667 0.0 0.0 0.0
supervised332_frame_26.jpg 0.0266666666667 0.0 0.0 0.0
supervised332_frame_27.jpg 0.0266666666667 0.0 0.0 0.0
supervised332_frame_28.jpg 0.0266666666667 0.0 0.0 0.0
supervised332_frame_29.jpg 0.0266666666667 0.0 0.0 0.0
supervised332_frame_30.jpg 0.0266666666667 0.0 0.0 0.0
supervised332_frame_31.jpg 0.0266666666667 0.0 0.0 0.0
supervised332_frame_32.jpg 0.0266666666667 0.00143170166016 0.0 0.0
supervised332_frame_33.jpg 0.0266666666667 0.00343170166016 0.0 0.0
supervised332_frame_34.jpg 0.0266666666667 0.00543170166016 0.0 0.0
supervised332_frame_35.jpg 0.0266666666667 0.006 0.0 0.0
supervised332_frame_36.jpg 0.0266666666667 0.006 0.0 0.0
supervised332_frame_37.jpg 0.0260389539931 0.006 0.0 0.0
supervised332_frame_38.jpg 0.0254112413194 0.006 0.0 0.0
supervised332_frame_39.jpg 0.0247835286458 0.006 0.0 0.0
supervised332_frame_40.jpg 0.0247835286458 0.006 0.0 0.0
supervised332_frame_41.jpg 0.0247835286458 0.006 0.0 0.0
supervised332_frame_42.jpg 0.0247504340278 0.006 0.0 0.0
supervised332_frame_43.jpg 0.0247173394097 0.006 0.0 0.0
supervised332_frame_44.jpg 0.0246842447917 0.006 0.0 0.0
supervised332_frame_45.jpg 0.0246842447917 0.006 0.0 0.0
supervised332_frame_46.jpg 0.0246842447917 0.006 0.0 0.0
supervised332_frame_47.jpg 0.0246842447917 0.006 0.0 0.0
supervised332_frame_48.jpg 0.0246511501736 0.006 0.0 0.0
supervised332_frame_49.jpg 0.012138671875 0.006 0.0 0.0
supervised332_frame_50.jpg -0.00330539279514 0.0058017578125 0.0 0.0
supervised332_frame_51.jpg -0.0189230685764 0.00557708740234 0.0 0.0
supervised332_frame_52.jpg -0.0220613606771 0.00534356689453 0.0 0.0
supervised332_frame_53.jpg -0.0222306315104 0.00531268310547 0.0 0.0
supervised332_frame_54.jpg -0.0222119140625 0.00530822753906 0.0 0.0
supervised332_frame_55.jpg -0.0221931966146 0.00531707763672 0.0 0.0
supervised332_frame_56.jpg -0.0231890190972 0.00497351074219 0.0 0.0
supervised332_frame_57.jpg -0.0241848415799 0.00459027099609 0.0 0.0
supervised332_frame_58.jpg -0.0255753580729 0.00396472167969 0.0 0.0
supervised332_frame_59.jpg -0.0260074869792 0.00368719482422 0.0 0.0
supervised332_frame_60.jpg -0.0264208984375 0.00344934082031 0.0 0.0
supervised332_frame_61.jpg -0.0264208984375 0.00345373535156 0.0 0.0
supervised332_frame_62.jpg -0.0264021809896 0.00345812988281 0.0 0.0
supervised332_frame_63.jpg -0.0264021809896 0.00346252441406 0.0 0.0
supervised332_frame_64.jpg -0.0264208984375 0.00346252441406 0.0 0.0
supervised332_frame_65.jpg -0.0264396158854 0.00346691894531 0.0 0.0
supervised332_frame_66.jpg -0.0264396158854 0.00347131347656 0.0 0.0
supervised332_frame_67.jpg -0.0264586046007 0.00347570800781 0.0 0.0
supervised332_frame_68.jpg -0.026477593316 0.00347570800781 0.0 0.0
supervised332_frame_69.jpg -0.0264965820313 0.00347570800781 0.0 0.0
supervised332_frame_70.jpg -0.0264965820313 0.00347570800781 0.0 0.0
supervised332_frame_71.jpg -0.0264965820313 0.00347570800781 0.0 0.0
supervised332_frame_72.jpg -0.0265340169271 0.00347570800781 0.0 0.0
supervised332_frame_73.jpg -0.026552734375 0.00347570800781 0.0 0.0
supervised332_frame_74.jpg -0.0265901692708 0.00347570800781 0.0 0.0
supervised332_frame_75.jpg -0.0265901692708 0.00347570800781 0.0 0.0
supervised332_frame_76.jpg -0.0266088867187 0.00347570800781 0.0 0.0
supervised332_frame_77.jpg -0.0266088867187 0.00347570800781 0.0 0.0
supervised332_frame_78.jpg -0.0266088867187 0.00347570800781 0.0 0.0
supervised333_frame_0.jpg 0.0266666666667 0.0 0.0 0.0
supervised333_frame_1.jpg 0.0266666666667 0.0 0.0 0.0
supervised333_frame_2.jpg 0.0266666666667 0.0 0.0 0.0
supervised333_frame_3.jpg 0.0266666666667 0.002 0.0 0.0
supervised333_frame_4.jpg 0.0266666666667 0.004 0.0 0.0
supervised333_frame_5.jpg 0.0266666666667 0.006 0.0 0.0
supervised333_frame_6.jpg 0.0266666666667 0.006 0.0 0.0
supervised333_frame_7.jpg 0.0266666666667 0.006 0.0 0.0
supervised333_frame_8.jpg 0.0246511501736 0.006 0.0 0.0
supervised333_frame_9.jpg 0.0157622612847 0.006 0.0 0.0
supervised333_frame_10.jpg 0.00687337239583 0.006 0.0 0.0
supervised333_frame_11.jpg 0.0 0.006 0.0 0.0
supervised333_frame_12.jpg 0.0 0.006 0.0 0.0
supervised333_frame_13.jpg 0.0 0.006 0.0 0.0
supervised333_frame_14.jpg 0.0 0.006 0.0 0.0
supervised333_frame_15.jpg 0.0 0.006 0.0 0.0
supervised333_frame_16.jpg 0.0 0.006 0.0 0.0
supervised333_frame_17.jpg 0.0 0.006 0.0 0.0
supervised333_frame_18.jpg 0.0 0.006 0.0 0.0
supervised333_frame_19.jpg 0.0 0.006 0.0 0.0
supervised333_frame_20.jpg 0.0 0.006 0.0 0.0
supervised333_frame_21.jpg 0.0 0.006 0.0 0.0
supervised333_frame_22.jpg -0.00870062934028 0.00513653564453 0.0 0.0
supervised333_frame_23.jpg -0.0175892469618 0.00396472167969 0.0 0.0
supervised333_frame_24.jpg -0.0264778645833 0.00279290771484 0.0 0.0
supervised333_frame_25.jpg -0.0266658528646 0.00248455810547 0.0 0.0
supervised333_frame_26.jpg -0.0266658528646 0.00248455810547 0.0 0.0
supervised333_frame_27.jpg -0.0266658528646 0.00248895263672 0.0 0.0
supervised333_frame_28.jpg -0.0266658528646 0.00249334716797 0.0 0.0
supervised333_frame_29.jpg -0.0266658528646 0.00249774169922 0.0 0.0
supervised333_frame_30.jpg -0.0266658528646 0.00249774169922 0.0 0.0
supervised333_frame_31.jpg -0.0266658528646 0.00249774169922 0.0 0.0
supervised333_frame_32.jpg -0.0266658528646 0.00249774169922 0.0 0.0
supervised333_frame_33.jpg -0.0266658528646 0.00249774169922 0.0 0.0
supervised333_frame_34.jpg -0.0266658528646 0.00250219726563 0.0 0.0
supervised333_frame_35.jpg -0.0266658528646 0.00250219726563 0.0 0.0
supervised333_frame_36.jpg -0.0266658528646 0.00250665283203 0.0 0.0
supervised333_frame_37.jpg -0.0266658528646 0.00250219726563 0.0 0.0
supervised333_frame_38.jpg -0.0266658528646 0.00250665283203 0.0 0.0
supervised333_frame_39.jpg -0.0266658528646 0.00250665283203 0.0 0.0
supervised333_frame_40.jpg -0.0266658528646 0.00251110839844 0.0 0.0
supervised333_frame_41.jpg -0.0266658528646 0.00251110839844 0.0 0.0
supervised333_frame_42.jpg -0.0266658528646 0.00251110839844 0.0 0.0
supervised333_frame_43.jpg -0.0266658528646 0.00251110839844 0.0 0.0
supervised333_frame_44.jpg -0.0266658528646 0.00306170654297 0.0 0.0
supervised333_frame_45.jpg -0.0241851128472 0.00422467041016 0.0 0.0
supervised333_frame_46.jpg -0.0211783854167 0.00538763427734 0.0 0.0
supervised333_frame_47.jpg -0.018115234375 0.006 0.0 0.0
supervised333_frame_48.jpg -0.0175328233507 0.006 0.0 0.0
supervised333_frame_49.jpg -0.0174763997396 0.006 0.0 0.0
supervised333_frame_50.jpg -0.0174574110243 0.006 0.0 0.0
supervised333_frame_51.jpg -0.0174574110243 0.006 0.0 0.0
supervised334_frame_0.jpg 0.0 0.006 0.0 0.0
supervised334_frame_1.jpg 0.0 0.006 0.0 0.0
supervised334_frame_2.jpg 0.0 0.006 0.0 0.0
supervised334_frame_3.jpg 0.0 0.006 0.0 0.0
supervised334_frame_4.jpg 0.0 0.006 0.0 0.0
supervised334_frame_5.jpg 0.0 0.006 0.0 0.0
supervised334_frame_6.jpg 0.0 0.006 0.0 0.0
supervised334_frame_7.jpg 0.0 0.006 0.0 0.0
supervised334_frame_8.jpg 0.0 0.006 0.0 0.0
supervised334_frame_9.jpg -0.00270589192708 0.006 0.0 0.0
supervised334_frame_10.jpg -0.00646402994792 0.006 0.0 0.0
supervised334_frame_11.jpg -0.0111805555556 0.006 0.0 0.0
supervised334_frame_12.jpg -0.0133040364583 0.006 0.0 0.0
supervised334_frame_13.jpg -0.0145255533854 0.006 0.0 0.0
supervised334_frame_14.jpg -0.0147512478299 0.006 0.0 0.0
supervised334_frame_15.jpg -0.0148828125 0.006 0.0 0.0
supervised334_frame_16.jpg -0.0148640950521 0.006 0.0 0.0
supervised334_frame_17.jpg -0.0151833767361 0.006 0.0 0.0
supervised334_frame_18.jpg -0.0179833984375 0.006 0.0 0.0
supervised334_frame_19.jpg -0.0212155490451 0.00570483398438 0.0 0.0
supervised334_frame_20.jpg -0.0246733940972 0.00510571289063 0.0 0.0
supervised334_frame_21.jpg -0.0258010525174 0.0041982421875 0.0 0.0
supervised334_frame_22.jpg -0.0264965820313 0.00346258544922 0.0 0.0
supervised334_frame_23.jpg -0.0266658528646 0.00295599365234 0.0 0.0
supervised334_frame_24.jpg -0.0266658528646 0.00276654052734 0.0 0.0
supervised334_frame_25.jpg -0.0266658528646 0.00262994384766 0.0 0.0
supervised334_frame_26.jpg -0.0266658528646 0.00255065917969 0.0 0.0
supervised334_frame_27.jpg -0.0266658528646 0.00246697998047 0.0 0.0
supervised334_frame_28.jpg -0.0266658528646 0.00245379638672 0.0 0.0
supervised334_frame_29.jpg -0.0266658528646 0.00245819091797 0.0 0.0
supervised334_frame_30.jpg -0.0266468641493 0.00326434326172 0.0 0.0
supervised334_frame_31.jpg -0.0185850694444 0.00444494628906 0.0 0.0
supervised334_frame_32.jpg -0.00969645182292 0.00562554931641 0.0 0.0
supervised334_frame_33.jpg -0.000826822916667 0.006 0.0 0.0
supervised334_frame_34.jpg 0.0 0.006 0.0 0.0
supervised334_frame_35.jpg 0.0 0.006 0.0 0.0
supervised334_frame_36.jpg 0.0 0.006 0.0 0.0
supervised334_frame_37.jpg 0.0 0.006 0.0 0.0
supervised334_frame_38.jpg 0.0 0.006 0.0 0.0
supervised334_frame_39.jpg 0.0 0.006 0.0 0.0
supervised334_frame_40.jpg 0.0 0.006 0.0 0.0
supervised334_frame_41.jpg 0.0 0.006 0.0 0.0
supervised334_frame_42.jpg 0.0 0.006 0.0 0.0
supervised334_frame_43.jpg 0.0 0.006 0.0 0.0
supervised334_frame_44.jpg 0.0 0.006 0.0 0.0
supervised334_frame_45.jpg 0.0 0.006 0.0 0.0
supervised334_frame_46.jpg 0.0 0.006 0.0 0.0
supervised334_frame_47.jpg 0.0 0.006 0.0 0.0
supervised334_frame_48.jpg 0.0 0.006 0.0 0.0
